seqNum	seqRNA	posSeq	posRX	areaRX	posBG	areaBG	areaDiff	normDiff	
34	U	1873	1866	46632.45	1866	26421.96	20210.49	0.37	
35	G	1865	1858	62383.25	1858	53844.13	8539.12	0.16	
36	G	1856	1849	51612.47	1848	12159.31	39453.16	0.72	
37	A	1848	1839	46598.26	1839	21057.55	25540.72	0.47	
38	C	1838	1829	10528.66	1830	11413.58	-884.92	-0.02	
39	U	1827	1820	12418.82	1821	4379.34	8039.48	0.15	
40	U	1821	1811	21144.47	1812	8427.19	12717.28	0.23	
41	U	1809	1802	21753.26	1802	10596.96	11156.3	0.2	
42	C	1801	1793	70421.22	1793	59477.18	10944.04	0.2	
43	G	1791	1785	40105.47	1787	16076.44	24029.02	0.44	
44	A	1784	1775	72635.92	1775	41107.71	31528.21	0.58	
45	U	1775	1766	69126.74	1766	58902.36	10224.38	0.19	
46	C	1765	1757	15559.77	1757	9652.58	5907.19	0.11	
47	U	1758	1747	29530.11	1746	17153.66	12376.45	0.23	
48	G	1745	1739	3680.57	1738	10395.71	-6715.15	-0.12	
49	U	1737	1729	78903.78	1729	106443.43	-27539.66	-0.5	
50	A	1728	1720	47497.1	1720	23702.78	23794.32	0.44	
51	G	1718	1711	24683.93	1710	4210.27	20473.66	0.38	
52	C	1706	1700	69908.81	1701	88012.09	-18103.28	-0.33	
53	G	1699	1693	34972.19	1694	24656.73	10315.45	0.19	
54	G	1691	1684	98153.28	1684	41122.36	57030.93	1.05	
55	C	1684	1674	110751.47	1675	120510.56	-9759.08	-0.18	
56	G	1674	1666	56195.72	1666	71276.05	-15080.33	-0.28	
57	C	1665	1656	266505.56	1657	338592.06	-72086.5	-1.32	
58	A	1656	1647	111395.44	1649	67174.45	44220.99	0.81	
59	G	1646	1639	79836.93	1640	27127.27	52709.66	0.97	
60	A	1640	1630	77279.54	1629	42007.05	35272.5	0.65	
61	A	1629	1616	69355.34	1617	88645.76	-19290.42	-0.35	
62	C	1618	1610	464839.94	1611	621322.17	-156482.23	-2.87	
63	A	1610	1602	138615.69	1604	106127.8	32487.89	0.6	
64	G	1601	1594	102507.36	1594	60005.88	42501.47	0.78	
65	A	1592	1585	43176.07	1585	19992.29	23183.77	0.42	
66	A	1583	1576	17556.97	1576	16355.25	1201.72	0.02	
67	A	1575	1566	74720.14	1566	28329.83	46390.31	0.85	
68	A	1565	1557	75097.82	1554	17861.75	57236.07	1.05	
69	C	1555	1547	101639.38	1547	120072.74	-18433.36	-0.34	
70	G	1546	1539	98600.01	1539	89886.34	8713.67	0.16	
71	A	1539	1530	136982.45	1530	116755.83	20226.63	0.37	
72	A	1530	1517	150246.2	1517	226300.98	-76054.78	-1.39	
73	A	1520	1511	623482.75	1512	1101567.73	-478084.98	-8.76	
74	C	1511	1502	706727.61	1503	1039533.41	-332805.8	-6.1	
75	A	1502	1494	194639.04	1496	168936.85	25702.19	0.47	
76	A	1493	1485	61232.53	1486	44350.53	16882.0	0.31	
77	A	1484	1474	80006.57	1474	15894.12	64112.44	1.18	
78	G	1473	1467	56716.19	1466	21414.58	35301.61	0.65	
79	A	1464	1457	22873.26	1456	15205.62	7667.64	0.14	
80	C	1455	1447	65655.61	1447	80290.44	-14634.84	-0.27	
81	G	1446	1438	107822.97	1438	185955.44	-78132.47	-1.43	
82	C	1436	1429	132120.62	1429	234678.18	-102557.56	-1.88	
83	A	1428	1420	28507.72	1423	17559.99	10947.73	0.2	
84	G	1418	1412	85381.16	1412	27772.72	57608.44	1.06	
85	A	1410	1402	110603.4	1402	29155.64	81447.75	1.49	
86	G	1401	1390	1913.57	1393	8277.1	-6363.54	-0.12	
87	U	1393	1382	16546.02	1385	9522.32	7023.69	0.13	
88	U	1386	1376	74210.27	1377	68150.65	6059.62	0.11	
89	G	1376	1369	126213.42	1369	73885.85	52327.56	0.96	
90	A	1369	1360	47892.47	1356	60409.62	-12517.15	-0.23	
91	G	1358	1351	106017.75	1351	144525.6	-38507.85	-0.71	
92	C	1351	1343	432268.5	1343	650074.62	-217806.12	-3.99	
93	A	1342	1334	132566.28	1337	106287.69	26278.6	0.48	
94	A	1333	1324	72618.84	1324	55143.84	17475.01	0.32	
95	G	1322	1315	60737.42	1315	94529.82	-33792.39	-0.62	
96	C	1314	1306	151307.34	1306	323131.19	-171823.85	-3.15	
97	A	1305	1293	5770.56	1297	7439.14	-1668.58	-0.03	
98	G	1294	1288	60308.14	1288	24295.29	36012.85	0.66	
99	G	1287	1281	23985.13	1280	12168.45	11816.67	0.22	
100	G	1279	1273	36385.56	1273	40715.52	-4329.96	-0.08	
101	U	1272	1262	25916.49	1263	40777.15	-14860.66	-0.27	
102	C	1261	1254	175196.48	1255	261465.68	-86269.2	-1.58	
103	A	1254	1245	60511.5	1245	59728.75	782.75	0.01	
104	G	1244	1237	44355.74	1237	38598.31	5757.42	0.11	
105	G	1236	1229	231862.86	1230	411994.73	-180131.87	-3.3	
106	C	1229	1221	78848.77	1221	148963.1	-70114.33	-1.29	
107	A	1220	1212	63056.89	1212	31317.26	31739.63	0.58	
108	A	1211	1202	86118.66	1203	32794.06	53324.59	0.98	
109	A	1201	1193	42896.92	1193	12012.48	30884.44	0.57	
110	G	1192	1185	28513.55	1185	12088.19	16425.36	0.3	
111	C	1183	1175	68467.06	1175	61034.82	7432.24	0.14	
112	G	1174	1167	50083.69	1167	25288.88	24794.81	0.45	
113	U	1165	1158	63421.61	1159	49319.62	14101.99	0.26	
114	G	1157	1151	59835.54	1152	26510.9	33324.65	0.61	
115	G	1150	1144	57834.68	1144	30031.86	27802.82	0.51	
116	A	1142	1134	20344.95	1134	24215.4	-3870.45	-0.07	
117	G	1133	1127	30457.57	1127	28287.61	2169.96	0.04	
118	A	1126	1118	39277.97	1119	14998.33	24279.64	0.45	
119	G	1117	1110	40681.27	1109	3559.18	37122.1	0.68	
120	C	1108	1099	23185.67	1099	32887.6	-9701.93	-0.18	
121	C	1099	1091	236564.56	1091	237837.37	-1272.82	-0.02	
122	G	1090	1083	66006.46	1083	56892.82	9113.64	0.17	
123	G	1082	1075	94755.26	1075	83356.87	11398.39	0.21	
124	C	1074	1066	163369.86	1066	145888.66	17481.19	0.32	
125	U	1065	1058	43739.31	1057	24681.81	19057.51	0.35	
126	G	1056	1051	83121.52	1050	45052.51	38069.01	0.7	
127	A	1049	1042	61124.59	1042	36764.85	24359.75	0.45	
128	G	1040	1035	22932.71	1035	24767.35	-1834.63	-0.03	
129	U	1032	1026	11007.04	1026	11819.31	-812.27	-0.01	
130	C	1025	1016	20489.92	1016	24779.05	-4289.13	-0.08	
131	U	1015	1008	127269.07	1008	108934.84	18334.23	0.34	
132	A	1007	999	161481.47	1001	11986.53	149494.94	2.74	
133	G	998	992	16292.81	991	6099.54	10193.27	0.19	
134	G	990	983	5343.02	981	12238.82	-6895.8	-0.13	
135	C	982	975	140984.82	975	177907.68	-36922.86	-0.68	
136	A	974	966	90944.17	968	45362.8	45581.37	0.84	
137	G	965	959	127582.62	958	42474.39	85108.23	1.56	
138	G	958	951	121202.12	952	102508.17	18693.96	0.34	
139	C	950	943	708307.64	943	746761.87	-38454.22	-0.7	
140	U	942	936	80106.35	936	67013.15	13093.2	0.24	
141	C	933	925	89251.36	925	77774.09	11477.27	0.21	
142	C	924	916	127643.27	916	127042.55	600.72	0.01	
143	A	915	906	202480.95	906	76021.86	126459.09	2.32	
144	A	906	897	178545.63	898	44213.12	134332.51	2.46	
145	G	896	890	147704.58	891	47277.34	100427.24	1.84	
146	G	889	883	78641.77	883	19329.55	59312.23	1.09	
147	G	882	876	44082.35	876	31796.74	12285.61	0.23	
148	A	875	867	11305.21	867	11160.57	144.64	0.0	
149	G	866	859	12897.55	860	19219.8	-6322.25	-0.12	
150	C	859	851	243376.97	851	249211.58	-5834.61	-0.11	
151	G	850	844	29321.63	844	24242.36	5079.27	0.09	
152	C	842	833	28440.09	833	32615.55	-4175.46	-0.08	
153	C	833	825	156345.29	825	152968.56	3376.73	0.06	
154	G	824	818	13050.16	818	23836.25	-10786.09	-0.2	
155	G	817	812	41598.77	811	57588.13	-15989.36	-0.29	
156	A	811	803	195819.35	803	366525.28	-170705.93	-3.13	
157	C	802	794	212913.94	794	376192.98	-163279.04	-2.99	
158	A	793	786	56606.17	786	44882.07	11724.09	0.21	
159	A	785	777	83020.73	777	27455.38	55565.34	1.02	
160	A	776	768	44465.06	768	18330.54	26134.52	0.48	
161	G	767	761	31799.62	762	12244.08	19555.53	0.36	
162	G	760	754	28001.36	754	25094.78	2906.58	0.05	
163	C	753	745	105337.64	744	82654.41	22683.23	0.42	
164	C	744	735	77809.32	736	55366.78	22442.54	0.41	
165	C	734	727	406756.05	727	429524.37	-22768.32	-0.42	
166	G	726	721	75877.05	720	55026.73	20850.32	0.38	
167	G	719	713	90132.36	712	59823.91	30308.45	0.56	
168	U	712	705	107675.88	705	79364.59	28311.29	0.52	
169	C	704	697	195453.04	697	168779.82	26673.22	0.49	
170	U	696	689	53636.64	689	55271.44	-1634.8	-0.03	
171	C	688	680	348974.1	680	307860.83	41113.27	0.75	
172	G	679	673	109066.88	673	35813.23	73253.64	1.34	
173	A	671	665	106024.16	665	24021.86	82002.3	1.5	
174	C	664	656	26045.15	656	28021.81	-1976.66	-0.04	
175	C	655	648	15580.47	648	16372.17	-791.7	-0.01	
176	U	647	640	14073.6	640	12766.77	1306.83	0.02	
177	G	638	633	38857.8	633	29212.36	9645.43	0.18	
178	A	633	625	39288.46	625	19438.24	19850.23	0.36	
179	G	623	618	42289.72	618	19037.84	23251.89	0.43	
180	C	616	609	77814.08	610	60008.79	17805.29	0.33	
181	U	609	601	18632.04	601	14446.07	4185.97	0.08	
182	C	601	594	38025.56	593	44493.4	-6467.84	-0.12	
183	U	593	588	16415.42	587	22028.85	-5613.44	-0.1	
184	G	585	581	48904.88	580	41060.58	7844.3	0.14	
185	A	580	573	45543.83	572	20271.4	25272.43	0.46	
186	A	572	565	56807.71	564	57389.46	-581.75	-0.01	
187	C	564	556	68792.84	556	99150.58	-30357.73	-0.56	
188	U	556	549	96903.92	549	115365.84	-18461.92	-0.34	
189	U	548	542	323316.42	542	413682.48	-90366.05	-1.66	
190	A	541	534	97587.14	534	71851.33	25735.81	0.47	
191	C	533	525	74356.7	525	114396.18	-40039.48	-0.73	
192	C	524	516	74565.09	516	105667.4	-31102.31	-0.57	
193	U	515	508	283341.06	508	349342.02	-66000.96	-1.21	
194	A	508	500	94818.02	501	50200.66	44617.35	0.82	
195	G	498	493	40766.07	492	26293.35	14472.72	0.27	
196	A	490	483	39982.71	482	41865.32	-1882.61	-0.03	
197	C	481	475	107312.53	475	103820.01	3492.51	0.06	
198	G	474	469	36526.79	469	17273.81	19252.98	0.35	
199	G	467	461	28912.73	460	27513.29	1399.44	0.03	
200	C	459	454	5918.04	453	20984.34	-15066.3	-0.28	
201	G	451	447	13549.12	447	10061.96	3487.16	0.06	
202	G	444	440	52181.9	440	29240.23	22941.68	0.42	
203	A	437	431	54156.41	431	35125.49	19030.92	0.35	
204	C	430	423	26608.41	422	40741.8	-14133.4	-0.26	
205	G	421	416	23692.38	415	60508.78	-36816.4	-0.67	
206	C	415	408	311820.27	408	593370.98	-281550.7	-5.16	
207	A	407	400	62968.94	400	72514.69	-9545.76	-0.17	
208	G	398	393	23376.36	392	50622.11	-27245.75	-0.5	
209	U	391	385	21987.43	385	63590.64	-41603.21	-0.76	
210	U	385	377	55711.37	377	95667.77	-39956.4	-0.73	
211	C	376	368	219345.59	369	406530.15	-187184.56	-3.43	
212	A	368	360	47639.76	361	27880.2	19759.56	0.36	
213	G	358	353	48388.81	352	0.0	48388.81	0.89	
214	G	352	347	134649.36	348	35872.82	98776.54	1.81	
215	A	347	339	84584.52	340	40311.64	44272.88	0.81	
216	G	338	333	51185.1	333	14209.37	36975.73	0.68	
217	G	332	328	29362.73	327	10558.63	18804.09	0.34	
218	C	325	320	158755.59	320	232268.89	-73513.3	-1.35	
219	A	319	312	25377.22	312	15463.88	9913.34	0.18	
220	C	312	303	42740.01	303	71383.69	-28643.68	-0.53	
221	C	303	295	112802.91	295	198368.38	-85565.47	-1.57	
222	A	294	286	39071.66	286	47697.74	-8626.08	-0.16	
223	C	286	277	166554.56	278	286824.46	-120269.9	-2.2	
224	A	277	269	83815.72	270	20580.96	63234.76	1.16	
225	G	267	263	36253.53	263	11251.86	25001.67	0.46	
226	G	261	255	34524.92	253	37694.58	-3169.66	-0.06	
227	C	253	246	24006.43	246	25361.25	-1354.82	-0.02	
228	G	245	237	0.0	242	686.99	-686.99	-0.01	
229	G	238	234	13127.04	234	15051.99	-1924.95	-0.04	
230	G	232	227	46726.01	227	33307.52	13418.49	0.25	
231	A	227	218	57938.44	219	50802.02	7136.42	0.13	
232	G	218	212	45323.75	213	43422.81	1900.94	0.03	
233	G	211	206	128173.47	207	111286.85	16886.62	0.31	
234	C	205	198	392075.52	198	501392.64	-109317.13	-2.0	
235	G	197	192	125095.38	192	135385.51	-10290.12	-0.19	
236	G	191	186	202355.33	186	345674.17	-143318.84	-2.63	
237	C	186	180	285840.83	179	711277.24	-425436.41	-7.8	
238	A	177	175	237168.19	174	233920.3	3247.89	0.06	
239	G	171	166	126141.94	165	84997.88	41144.06	0.75	
240	A	164	158	70334.76	158	39790.03	30544.73	0.56	
241	A	157	149	52831.63	148	52435.73	395.89	0.01	
242	C	147	141	64054.75	141	140361.09	-76306.34	-1.4	
243	G	139	133	0.0	135	25598.14	-25598.14	-0.47	
244	C	132	128	128931.23	128	191562.25	-62631.02	-1.15	
245	G	126	123	46950.81	123	37430.14	9520.67	0.17	
246	A	120	115	53055.5	114	9606.98	43448.52	0.8	
247	C	114	107	16265.92	107	22916.47	-6650.56	-0.12	
248	U	107	100	26762.8	100	62093.88	-35331.08	-0.65	
249	C	100	93	92933.72	93	193531.71	-100597.99	-1.84	
250	A	92	85	27429.69	85	20515.08	6914.6	0.13	
251	A	84	76	49341.0	76	23108.48	26232.52	0.48	
252	C	76	68	40186.59	68	41990.58	-1803.99	-0.03	
253	C	66	59	295635.18	59	238914.32	56720.86	1.04	
254	G	58	53	92776.57	53	45854.46	46922.11	0.86	
255	G	53	47	104828.92	48	85023.65	19805.27	0.36	
256	C	47	39	282236.18	39	407449.02	-125212.84	-2.3	
257	G	38	34	89669.02	33	37280.0	52389.02	0.96	
258	U	30	24	42489.13	22	27567.6	14921.54	0.27	
259	G	24	17	93821.28	16	117681.57	-23860.29	-0.44	
260	G	18	11	138928.44	11	191032.83	-52104.39	-0.96	
261	G	11	5	54126.7	6	39062.1	15064.6	0.28	
