seqNum	seqRNA	posSeq	posRX	areaRX	posBG	areaBG	areaDiff	normDiff	
33	G	1884	1877	26275.7	1877	6798.8	19476.9	0.54	
34	U	1877	1869	51330.39	1870	14783.47	36546.92	1.0	
35	G	1868	1860	58787.67	1860	3487.77	55299.9	1.52	
36	G	1857	1851	36654.84	1851	4984.68	31670.17	0.87	
37	A	1849	1842	18547.1	1841	2389.05	16158.05	0.44	
38	C	1841	1833	9505.79	1833	1437.99	8067.8	0.22	
39	U	1833	1823	9189.65	1823	2265.99	6923.66	0.19	
40	U	1821	1814	3442.65	1814	3041.7	400.94	0.01	
41	U	1812	1804	5110.25	1804	16957.89	-11847.64	-0.33	
42	C	1803	1795	4695.21	1797	4683.83	11.37	0.0	
43	G	1795	1786	14487.49	1786	11503.66	2983.83	0.08	
44	A	1786	1777	20310.38	1777	16442.17	3868.22	0.11	
45	U	1776	1768	15134.28	1771	2182.43	12951.86	0.36	
46	C	1769	1763	5264.63	1763	0.37	5264.27	0.14	
47	U	1764	1758	9672.66	1757	4740.95	4931.71	0.14	
48	G	1756	1750	12841.56	1746	2437.83	10403.73	0.29	
49	U	1748	1741	35060.69	1740	30003.83	5056.86	0.14	
50	A	1739	1730	20231.17	1731	6310.63	13920.54	0.38	
51	G	1729	1722	11894.92	1720	1384.84	10510.08	0.29	
52	C	1719	1711	13876.78	1711	25007.29	-11130.51	-0.31	
53	G	1710	1704	18219.69	1705	6629.8	11589.89	0.32	
54	G	1702	1695	21126.28	1694	11381.51	9744.77	0.27	
55	C	1694	1685	10105.77	1685	34447.14	-24341.37	-0.67	
56	G	1684	1675	22775.76	1676	20382.13	2393.63	0.07	
57	C	1675	1667	76572.25	1667	96231.36	-19659.11	-0.54	
58	A	1666	1658	45185.12	1659	18965.17	26219.95	0.72	
59	G	1656	1649	37785.04	1650	7633.22	30151.82	0.83	
60	A	1650	1639	18078.57	1639	11865.15	6213.42	0.17	
61	A	1639	1631	56803.04	1627	24651.07	32151.97	0.88	
62	C	1628	1620	181463.81	1621	175468.37	5995.43	0.16	
63	A	1620	1612	64520.4	1613	27559.91	36960.49	1.02	
64	G	1610	1604	41686.67	1603	15320.37	26366.3	0.72	
65	A	1602	1594	24649.06	1595	5409.89	19239.18	0.53	
66	A	1593	1585	79072.72	1586	4789.87	74282.84	2.04	
67	A	1585	1576	48678.77	1576	7938.59	40740.19	1.12	
68	A	1575	1567	37846.5	1566	4827.2	33019.29	0.91	
69	C	1565	1557	23319.36	1557	34495.57	-11176.21	-0.31	
70	G	1556	1549	15105.98	1548	25213.81	-10107.83	-0.28	
71	A	1548	1540	24061.72	1540	33181.06	-9119.34	-0.25	
72	A	1540	1529	58306.15	1526	72461.53	-14155.38	-0.39	
73	A	1529	1521	434220.33	1521	309377.48	124842.84	3.43	
74	C	1520	1512	293610.16	1512	293342.99	267.17	0.01	
75	A	1511	1506	49679.31	1505	47117.81	2561.5	0.07	
76	A	1502	1493	23872.19	1495	12504.53	11367.66	0.31	
77	A	1493	1485	67600.85	1484	4499.25	63101.6	1.73	
78	G	1483	1476	91691.04	1476	6187.46	85503.58	2.35	
79	A	1476	1467	26468.29	1466	4421.82	22046.47	0.61	
80	C	1465	1458	9306.31	1456	22866.58	-13560.26	-0.37	
81	G	1455	1447	49053.13	1447	51810.62	-2757.49	-0.08	
82	C	1446	1438	42165.18	1438	66015.43	-23850.25	-0.66	
83	A	1437	1429	8494.8	1430	5169.45	3325.35	0.09	
84	G	1427	1421	24877.5	1421	7787.07	17090.43	0.47	
85	A	1419	1411	39333.1	1411	8690.15	30642.96	0.84	
86	G	1409	1404	14824.99	1402	2088.11	12736.88	0.35	
87	U	1401	1393	5645.97	1390	3227.07	2418.9	0.07	
88	U	1394	1386	21848.48	1385	18657.46	3191.01	0.09	
89	G	1384	1378	28018.61	1377	20223.17	7795.44	0.21	
90	A	1377	1368	8965.21	1364	17308.96	-8343.75	-0.23	
91	G	1366	1359	42038.66	1359	40091.61	1947.06	0.05	
92	C	1359	1351	225751.63	1351	183234.91	42516.71	1.17	
93	A	1350	1342	54484.85	1345	29563.22	24921.63	0.69	
94	A	1341	1332	24956.23	1332	14871.95	10084.28	0.28	
95	G	1330	1320	40033.94	1323	25907.41	14126.53	0.39	
96	C	1321	1314	105134.5	1314	89576.53	15557.97	0.43	
97	A	1313	1305	20388.85	1305	1236.79	19152.06	0.53	
98	G	1302	1298	12757.19	1296	9159.69	3597.5	0.1	
99	G	1294	1289	3042.01	1288	6371.26	-3329.25	-0.09	
100	G	1287	1280	20541.25	1280	13117.17	7424.08	0.2	
101	U	1279	1269	13501.52	1270	13147.48	354.04	0.01	
102	C	1268	1262	85672.85	1262	75608.27	10064.59	0.28	
103	A	1261	1253	20671.84	1253	17733.75	2938.09	0.08	
104	G	1251	1241	30849.82	1245	14023.24	16826.58	0.46	
105	G	1243	1236	157445.63	1237	122025.93	35419.69	0.97	
106	C	1236	1228	63087.15	1228	42381.03	20706.11	0.57	
107	A	1227	1219	30452.27	1219	9915.25	20537.01	0.56	
108	A	1218	1209	37489.98	1209	10149.15	27340.83	0.75	
109	A	1208	1201	21099.47	1199	3337.71	17761.76	0.49	
110	G	1198	1192	18446.01	1191	3147.45	15298.56	0.42	
111	C	1190	1182	22891.94	1182	15206.5	7685.43	0.21	
112	G	1180	1175	11636.47	1174	7656.11	3980.36	0.11	
113	U	1171	1165	15406.89	1165	14168.44	1238.45	0.03	
114	G	1163	1157	18151.82	1158	6618.56	11533.26	0.32	
115	G	1156	1150	19045.12	1150	7755.7	11289.43	0.31	
116	A	1148	1141	13588.28	1140	5241.26	8347.01	0.23	
117	G	1139	1133	16320.57	1133	7311.42	9009.15	0.25	
118	A	1132	1124	28493.81	1124	3348.58	25145.23	0.69	
119	G	1122	1116	15715.76	1115	2408.3	13307.46	0.37	
120	C	1114	1105	3206.76	1105	10147.96	-6941.21	-0.19	
121	C	1105	1096	26693.39	1097	69509.48	-42816.09	-1.18	
122	G	1096	1089	6184.66	1089	16913.57	-10728.91	-0.29	
123	G	1088	1081	6656.25	1081	24260.27	-17604.02	-0.48	
124	C	1080	1071	12521.23	1072	41552.71	-29031.47	-0.8	
125	U	1071	1064	28694.09	1063	7403.2	21290.89	0.59	
126	G	1063	1056	26967.68	1056	12946.99	14020.68	0.39	
127	A	1055	1048	26942.08	1048	10558.81	16383.27	0.45	
128	G	1046	1040	20771.65	1041	7049.86	13721.79	0.38	
129	U	1038	1030	6546.54	1032	3387.32	3159.21	0.09	
130	C	1031	1021	5445.59	1022	7109.79	-1664.2	-0.05	
131	U	1021	1013	44963.54	1014	32872.19	12091.35	0.33	
132	A	1013	1004	44860.55	1006	3509.54	41351.01	1.14	
133	G	1003	997	4022.67	997	1598.66	2424.01	0.07	
134	G	996	986	2169.99	985	8420.55	-6250.56	-0.17	
135	C	987	980	54407.0	980	48125.24	6281.76	0.17	
136	A	979	971	45674.38	973	12026.76	33647.62	0.93	
137	G	970	964	55613.25	963	11179.8	44433.45	1.22	
138	G	963	956	22641.87	957	27788.21	-5146.34	-0.14	
139	C	956	948	105879.97	948	206990.11	-101110.14	-2.78	
140	U	948	939	15872.58	940	17622.07	-1749.49	-0.05	
141	C	938	930	25691.74	930	19827.05	5864.69	0.16	
142	C	929	919	85020.92	921	33432.89	51588.03	1.42	
143	A	920	911	84797.29	911	18916.91	65880.37	1.81	
144	A	911	902	85855.92	903	9443.8	76412.12	2.1	
145	G	901	894	54076.92	896	9218.17	44858.74	1.23	
146	G	894	887	24315.9	889	1593.2	22722.7	0.62	
147	G	887	881	16249.81	881	6293.17	9956.64	0.27	
148	A	880	872	6084.6	872	3974.84	2109.76	0.06	
149	G	871	865	4443.91	865	6692.65	-2248.74	-0.06	
150	C	864	855	27142.75	856	72457.13	-45314.38	-1.25	
151	G	855	847	1929.32	849	8018.11	-6088.79	-0.17	
152	C	847	837	5280.15	838	10244.0	-4963.84	-0.14	
153	C	838	828	25202.04	830	41760.0	-16557.95	-0.46	
154	G	829	823	8865.66	824	7336.06	1529.6	0.04	
155	G	822	815	21941.37	816	19452.78	2488.59	0.07	
156	A	815	807	157442.41	807	100904.63	56537.79	1.55	
157	C	806	798	128906.91	799	100249.78	28657.13	0.79	
158	A	798	790	38717.65	791	14121.02	24596.63	0.68	
159	A	790	781	50753.13	782	8104.99	42648.14	1.17	
160	A	781	772	36181.0	773	5308.83	30872.17	0.85	
161	G	771	765	28452.44	765	3342.03	25110.41	0.69	
162	G	764	757	11197.89	758	7142.53	4055.36	0.11	
163	C	757	748	19208.99	749	23836.78	-4627.79	-0.13	
164	C	748	739	11022.42	740	17805.63	-6783.21	-0.19	
165	C	738	730	53166.13	731	121604.6	-68438.47	-1.88	
166	G	730	723	16264.8	724	15662.22	602.58	0.02	
167	G	722	716	17124.16	716	16506.09	618.07	0.02	
168	U	715	708	21301.98	709	23692.71	-2390.72	-0.07	
169	C	708	700	38373.1	700	51314.48	-12941.37	-0.36	
170	U	699	691	11955.69	692	15537.88	-3582.18	-0.1	
171	C	690	683	42948.86	683	86383.91	-43435.06	-1.19	
172	G	682	676	43592.48	676	11939.63	31652.85	0.87	
173	A	675	668	29414.23	668	6879.57	22534.66	0.62	
174	C	667	658	12770.25	658	7913.35	4856.9	0.13	
175	C	657	651	5015.31	650	4631.74	383.58	0.01	
176	U	649	643	6486.56	642	3611.01	2875.55	0.08	
177	G	640	636	8857.41	635	8264.13	593.28	0.02	
178	A	635	627	14908.74	627	5498.64	9410.1	0.26	
179	G	625	620	11044.92	620	5385.17	5659.75	0.16	
180	C	618	612	12365.36	612	16977.0	-4611.64	-0.13	
181	U	611	604	9712.07	603	4086.64	5625.43	0.15	
182	C	603	595	4054.33	595	12585.02	-8530.69	-0.23	
183	U	595	590	1350.98	589	6225.99	-4875.01	-0.13	
184	G	587	583	10219.95	582	11615.48	-1395.53	-0.04	
185	A	582	575	20748.22	574	5739.08	15009.14	0.41	
186	A	574	567	24067.61	566	15934.4	8133.21	0.22	
187	C	566	558	15862.71	558	28640.92	-12778.21	-0.35	
188	U	558	551	36537.05	551	29990.55	6546.5	0.18	
189	U	550	544	122146.09	544	118047.52	4098.57	0.11	
190	A	543	536	36468.25	536	20271.55	16196.7	0.45	
191	C	535	527	31075.51	527	31907.99	-832.48	-0.02	
192	C	526	518	34588.44	518	29808.65	4779.79	0.13	
193	U	517	510	114812.05	510	118667.19	-3855.14	-0.11	
194	A	509	502	35695.77	502	12529.23	23166.55	0.64	
195	G	500	495	32887.69	495	7302.06	25585.63	0.7	
196	A	491	485	26300.79	484	11267.3	15033.49	0.41	
197	C	482	477	33581.26	477	29492.99	4088.27	0.11	
198	G	475	471	15743.38	471	5683.12	10060.26	0.28	
199	G	469	462	13907.35	461	8171.21	5736.15	0.16	
200	C	461	453	1634.89	454	6541.26	-4906.37	-0.13	
201	G	452	447	5971.64	447	3621.88	2349.76	0.06	
202	G	446	441	20219.08	441	8217.6	12001.48	0.33	
203	A	439	433	23468.38	432	9907.79	13560.58	0.37	
204	C	432	424	11837.77	423	10765.57	1072.19	0.03	
205	G	423	416	29783.26	416	19216.94	10566.32	0.29	
206	C	416	409	183562.68	409	173441.19	10121.49	0.28	
207	A	408	402	34139.58	401	19404.8	14734.78	0.41	
208	G	399	394	23688.05	393	11267.43	12420.62	0.34	
209	U	392	386	23928.5	387	18105.43	5823.07	0.16	
210	U	386	379	38230.62	378	27062.24	11168.39	0.31	
211	C	377	370	117088.25	370	114870.54	2217.71	0.06	
212	A	369	363	20547.55	362	7863.7	12683.86	0.35	
213	G	359	356	23457.41	353	0.0	23457.41	0.64	
214	G	353	349	46269.04	349	10142.83	36126.21	0.99	
215	A	348	341	23987.59	341	11395.51	12592.09	0.35	
216	G	339	334	11722.5	334	3821.37	7901.14	0.22	
217	G	333	331	0.0	330	1753.39	-1753.39	-0.05	
218	C	326	321	66431.0	321	69015.78	-2584.78	-0.07	
219	A	320	313	15964.74	313	4350.86	11613.88	0.32	
220	C	313	304	20114.76	304	20182.81	-68.05	-0	
221	C	304	296	70424.61	296	54714.4	15710.21	0.43	
222	A	295	287	33801.81	287	14151.63	19650.18	0.54	
223	C	287	279	110156.74	279	79143.38	31013.36	0.85	
224	A	278	270	48636.03	271	5832.47	42803.55	1.18	
225	G	268	263	32745.96	264	3152.91	29593.05	0.81	
226	G	262	256	32820.32	254	10689.79	22130.54	0.61	
227	C	254	248	20062.86	247	7313.25	12749.61	0.35	
228	G	245	241	13282.25	243	218.22	13064.04	0.36	
229	G	239	235	9444.38	235	4213.14	5231.24	0.14	
230	G	233	229	15475.29	228	10069.2	5406.09	0.15	
231	A	225	221	7523.79	219	14723.07	-7199.28	-0.2	
232	G	218	211	0.0	212	13074.75	-13074.75	-0.36	
233	G	212	207	9150.86	207	27461.99	-18311.13	-0.5	
234	C	206	198	96457.35	199	142483.93	-46026.58	-1.27	
235	G	198	192	43248.42	190	58633.22	-15384.8	-0.42	
236	G	191	186	121050.3	185	67594.08	53456.22	1.47	
237	C	186	180	339745.01	180	170510.22	169234.8	4.65	
238	A	179	175	118236.4	175	76879.28	41357.12	1.14	
239	G	172	166	85273.04	166	23990.92	61282.11	1.68	
240	A	166	159	46349.26	159	11231.99	35117.27	0.97	
241	A	158	150	36476.29	149	14811.99	21664.3	0.6	
242	C	148	142	52846.04	142	39663.5	13182.54	0.36	
243	G	140	135	2507.29	136	7213.41	-4706.12	-0.13	
244	C	133	128	45502.49	129	54127.02	-8624.53	-0.24	
245	G	127	122	13101.03	124	10516.54	2584.49	0.07	
246	A	122	115	18509.96	115	2714.31	15795.65	0.43	
247	C	115	105	2825.7	108	6474.3	-3648.6	-0.1	
248	U	108	100	35252.61	101	17541.83	17710.78	0.49	
249	C	101	93	94039.86	94	54689.82	39350.04	1.08	
250	A	93	86	28689.69	86	5795.5	22894.19	0.63	
251	A	86	78	18177.95	77	6868.61	11309.34	0.31	
252	C	77	69	6532.7	69	10588.76	-4056.06	-0.11	
253	C	67	59	36242.22	60	72323.87	-36081.65	-0.99	
254	G	59	48	13228.06	49	29539.99	-16311.93	-0.45	
255	G	48	39	61555.09	40	115080.56	-53525.47	-1.47	
256	C	39	34	11210.3	34	10563.15	647.15	0.02	
257	G	31	24	12627.93	23	7810.36	4817.57	0.13	
258	U	25	18	35006.24	17	33180.63	1825.61	0.05	
259	G	18	12	78488.71	12	54478.55	24010.16	0.66	
260	G	11	5	31546.76	6	10285.85	21260.91	0.58	
