seqNum	seqRNA	posSeq	posRX	areaRX	posBG	areaBG	areaDiff	normDiff	
33	G	1870	1862	21470.33	1862	26098.11	-4627.78	-0.1	
34	U	1863	1854	60794.17	1855	52958.04	7836.14	0.17	
35	G	1855	1846	23858.56	1847	19904.88	3953.68	0.08	
36	G	1847	1836	21995.58	1838	17904.0	4091.58	0.09	
37	A	1837	1826	4105.37	1831	13634.95	-9529.58	-0.2	
38	C	1826	1814	0.0	1821	5512.36	-5512.36	-0.12	
39	U	1818	1808	3349.36	1811	4454.63	-1105.27	-0.02	
40	U	1812	1799	8697.85	1802	4005.38	4692.47	0.1	
41	U	1800	1791	30389.6	1793	37923.1	-7533.51	-0.16	
42	C	1792	1787	28128.9	1785	7221.33	20907.57	0.45	
43	G	1785	1780	15322.34	1776	21441.37	-6119.03	-0.13	
44	A	1779	1771	33264.35	1768	31314.0	1950.36	0.04	
45	U	1768	1762	40618.35	1757	11409.41	29208.95	0.62	
46	C	1756	1753	12876.32	1749	19170.27	-6293.96	-0.13	
47	U	1748	1744	15439.14	1741	13517.63	1921.51	0.04	
48	G	1740	1732	4151.52	1733	66399.18	-62247.67	-1.33	
49	U	1731	1726	91117.74	1723	15740.25	75377.49	1.6	
50	A	1722	1716	24778.17	1712	8566.05	16212.11	0.35	
51	G	1713	1708	14289.31	1705	44693.74	-30404.43	-0.65	
52	C	1704	1697	48754.17	1699	7278.83	41475.34	0.88	
53	G	1697	1689	26762.62	1688	19244.98	7517.65	0.16	
54	G	1689	1681	66742.4	1680	77292.19	-10549.8	-0.22	
55	C	1680	1671	100722.4	1669	29149.18	71573.22	1.52	
56	G	1669	1662	54338.82	1663	147382.55	-93043.73	-1.98	
57	C	1662	1653	232929.93	1655	21682.95	211246.98	4.5	
58	A	1653	1644	46909.48	1644	15332.82	31576.66	0.67	
59	G	1644	1636	53810.62	1635	19488.25	34322.37	0.73	
60	A	1635	1627	38421.96	1623	24868.03	13553.92	0.29	
61	A	1626	1614	56267.88	1615	114806.81	-58538.93	-1.25	
62	C	1618	1607	455699.76	1610	303283.92	152415.84	3.24	
63	A	1610	1599	73408.45	1601	37359.65	36048.8	0.77	
64	G	1598	1590	52305.33	1588	43970.95	8334.38	0.18	
65	A	1588	1582	24461.17	1581	23608.78	852.39	0.02	
66	A	1581	1572	22152.49	1574	28140.69	-5988.21	-0.13	
67	A	1572	1563	37676.81	1564	30549.27	7127.54	0.15	
68	A	1562	1554	15194.69	1550	6542.72	8651.97	0.18	
69	C	1554	1543	58532.56	1544	68525.14	-9992.58	-0.21	
70	G	1544	1536	62690.33	1536	26927.8	35762.53	0.76	
71	A	1535	1526	84517.15	1527	32275.73	52241.41	1.11	
72	A	1526	1514	104034.8	1515	75245.23	28789.57	0.61	
73	A	1517	1508	500070.46	1509	349863.47	150207.0	3.2	
74	C	1508	1499	719772.87	1499	487990.69	231782.18	4.93	
75	A	1499	1493	123500.55	1490	123185.21	315.34	0.01	
76	A	1490	1482	48222.22	1479	112993.07	-64770.85	-1.38	
77	A	1480	1471	37185.07	1473	58653.89	-21468.82	-0.46	
78	G	1471	1463	33668.27	1465	34140.62	-472.35	-0.01	
79	A	1465	1453	18243.39	1453	5196.09	13047.3	0.28	
80	C	1457	1444	63482.28	1444	45824.28	17658.0	0.38	
81	G	1444	1435	150469.46	1435	98297.79	52171.67	1.11	
82	C	1433	1426	287086.67	1426	172005.45	115081.22	2.45	
83	A	1426	1417	65302.6	1415	48455.23	16847.37	0.36	
84	G	1416	1409	60558.66	1408	61579.21	-1020.56	-0.02	
85	A	1409	1400	56134.52	1400	39421.34	16713.18	0.36	
86	G	1398	1390	3966.22	1392	6291.12	-2324.89	-0.05	
87	U	1391	1382	8951.75	1382	3290.38	5661.37	0.12	
88	U	1385	1374	51874.94	1374	32848.03	19026.91	0.41	
89	G	1373	1366	99252.96	1366	45780.67	53472.28	1.14	
90	A	1367	1352	73534.11	1353	41104.32	32429.78	0.69	
91	G	1356	1346	95064.29	1346	81955.79	13108.5	0.28	
92	C	1349	1340	524274.52	1340	364809.08	159465.45	3.39	
93	A	1339	1331	102373.7	1331	74420.16	27953.55	0.6	
94	A	1330	1321	47019.82	1320	75558.51	-28538.69	-0.61	
95	G	1319	1312	61308.99	1312	53441.52	7867.48	0.17	
96	C	1310	1303	210359.61	1303	137897.53	72462.08	1.54	
97	A	1302	1297	6669.4	1290	2222.33	4447.07	0.09	
98	G	1292	1286	27902.42	1285	32008.73	-4106.31	-0.09	
99	G	1284	1278	14113.42	1279	11491.02	2622.4	0.06	
100	G	1276	1270	19862.94	1270	17100.23	2762.71	0.06	
101	U	1269	1260	11724.15	1260	11295.78	428.37	0.01	
102	C	1259	1252	150822.52	1252	106542.15	44280.37	0.94	
103	A	1251	1242	38557.64	1243	31368.72	7188.92	0.15	
104	G	1241	1234	22884.8	1233	32379.8	-9495.0	-0.2	
105	G	1234	1227	184044.83	1227	137843.88	46200.95	0.98	
106	C	1226	1218	104746.84	1219	65793.28	38953.56	0.83	
107	A	1217	1209	22394.46	1209	31338.18	-8943.72	-0.19	
108	A	1209	1200	38448.74	1200	39754.69	-1305.95	-0.03	
109	A	1199	1190	17839.93	1190	13004.52	4835.42	0.1	
110	G	1189	1182	14007.29	1182	7138.57	6868.72	0.15	
111	C	1178	1172	51739.49	1173	34198.47	17541.02	0.37	
112	G	1171	1164	23731.29	1165	17360.28	6371.02	0.14	
113	U	1163	1156	35412.75	1156	27636.32	7776.44	0.17	
114	G	1154	1149	13803.52	1149	6979.75	6823.76	0.15	
115	G	1147	1141	15720.34	1141	14581.23	1139.11	0.02	
116	A	1139	1132	14317.66	1132	14800.41	-482.75	-0.01	
117	G	1131	1124	17546.92	1124	23792.76	-6245.84	-0.13	
118	A	1124	1115	22115.03	1115	16978.06	5136.97	0.11	
119	G	1114	1108	21776.26	1108	9169.82	12606.45	0.27	
120	C	1107	1096	22223.0	1093	23724.68	-1501.68	-0.03	
121	C	1097	1088	172660.12	1088	144912.42	27747.71	0.59	
122	G	1087	1081	44588.92	1081	30212.82	14376.1	0.31	
123	G	1079	1073	67413.93	1073	64793.74	2620.18	0.06	
124	C	1072	1064	116246.68	1064	116972.05	-725.37	-0.02	
125	U	1063	1056	17536.09	1056	21205.25	-3669.16	-0.08	
126	G	1054	1049	23670.83	1048	31892.32	-8221.49	-0.18	
127	A	1046	1039	21098.79	1040	22485.51	-1386.72	-0.03	
128	G	1038	1032	14914.87	1032	19319.96	-4405.09	-0.09	
129	U	1029	1024	5853.16	1023	10110.02	-4256.87	-0.09	
130	C	1023	1015	11996.84	1014	13831.07	-1834.22	-0.04	
131	U	1012	1006	94985.85	1006	78473.58	16512.27	0.35	
132	A	1005	997	69487.4	998	17765.44	51721.95	1.1	
133	G	996	991	13171.34	990	10898.89	2272.45	0.05	
134	G	988	979	3221.63	981	14.4	3207.23	0.07	
135	C	981	972	104358.42	973	75448.97	28909.45	0.62	
136	A	972	962	54130.99	965	14570.78	39560.22	0.84	
137	G	962	956	35196.31	953	25387.85	9808.46	0.21	
138	G	956	949	63846.02	947	54592.03	9253.99	0.2	
139	C	947	941	460637.06	941	465363.18	-4726.13	-0.1	
140	U	940	936	70147.45	933	41888.78	28258.67	0.6	
141	C	932	923	58047.06	923	78854.34	-20807.29	-0.44	
142	C	923	914	86162.27	914	74746.73	11415.54	0.24	
143	A	913	904	85462.85	905	51203.06	34259.79	0.73	
144	A	904	895	57746.94	896	33133.0	24613.94	0.52	
145	G	893	888	56486.44	888	41608.64	14877.81	0.32	
146	G	887	881	17678.91	881	20803.74	-3124.83	-0.07	
147	G	879	874	19472.98	874	24474.26	-5001.29	-0.11	
148	A	872	865	9257.75	866	6084.59	3173.16	0.07	
149	G	863	857	7114.75	857	9591.43	-2476.67	-0.05	
150	C	855	849	170299.58	849	163325.11	6974.47	0.15	
151	G	848	842	25676.85	841	7494.6	18182.25	0.39	
152	C	841	831	30065.13	832	29868.9	196.24	0.0	
153	C	830	823	114181.8	823	100558.16	13623.64	0.29	
154	G	822	816	24611.07	815	10118.74	14492.33	0.31	
155	G	816	809	48886.09	809	36599.0	12287.09	0.26	
156	A	808	801	218890.16	801	145194.95	73695.2	1.57	
157	C	800	792	242050.48	793	166528.78	75521.69	1.61	
158	A	792	784	50813.09	784	42976.17	7836.92	0.17	
159	A	783	775	37585.37	776	41856.75	-4271.38	-0.09	
160	A	775	766	29906.15	767	20318.75	9587.4	0.2	
161	G	765	759	16500.81	759	7211.81	9289.0	0.2	
162	G	758	752	14519.2	752	14549.59	-30.4	-0	
163	C	750	743	79282.63	743	54696.13	24586.51	0.52	
164	C	743	733	51339.29	734	41089.91	10249.39	0.22	
165	C	733	725	309228.55	725	286608.69	22619.86	0.48	
166	G	724	718	59276.69	718	30977.58	28299.1	0.6	
167	G	717	711	69740.51	711	53334.63	16405.87	0.35	
168	U	710	703	71557.85	704	40930.05	30627.81	0.65	
169	C	703	695	139801.49	696	70536.19	69265.3	1.47	
170	U	695	687	45469.0	687	9437.94	36031.07	0.77	
171	C	686	679	199507.37	679	166989.63	32517.74	0.69	
172	G	678	672	69739.65	672	17181.55	52558.1	1.12	
173	A	671	664	38087.25	664	21704.05	16383.2	0.35	
174	C	662	655	22200.26	655	17134.17	5066.1	0.11	
175	C	654	647	16615.67	647	10755.68	5860.0	0.12	
176	U	645	639	14357.63	638	12893.6	1464.02	0.03	
177	G	637	632	27924.03	632	27282.92	641.11	0.01	
178	A	631	623	23243.71	624	13551.71	9692.01	0.21	
179	G	622	616	21223.54	617	11582.93	9640.62	0.21	
180	C	615	608	54079.28	608	43734.84	10344.44	0.22	
181	U	608	601	12087.77	601	11429.11	658.66	0.01	
182	C	599	592	26807.15	592	22682.24	4124.91	0.09	
183	U	591	586	15945.17	588	118.32	15826.85	0.34	
184	G	584	579	44428.39	579	33990.45	10437.94	0.22	
185	A	579	572	24690.19	572	20157.5	4532.68	0.1	
186	A	571	564	33626.1	564	18767.41	14858.69	0.32	
187	C	563	556	66108.76	555	25769.78	40338.98	0.86	
188	U	555	548	76956.68	548	55578.37	21378.31	0.46	
189	U	547	541	372690.68	541	296263.81	76426.87	1.63	
190	A	540	533	82439.75	532	56187.96	26251.79	0.56	
191	C	532	524	123936.0	525	85108.91	38827.1	0.83	
192	C	523	514	114478.35	516	77789.41	36688.94	0.78	
193	U	515	507	520217.47	508	409007.67	111209.8	2.37	
194	A	507	499	102237.48	500	61476.45	40761.02	0.87	
195	G	498	492	60297.95	493	72472.15	-12174.21	-0.26	
196	A	490	483	35711.28	484	17711.55	17999.73	0.38	
197	C	481	474	70779.68	474	57602.95	13176.73	0.28	
198	G	473	468	23537.35	467	15171.4	8365.95	0.18	
199	G	466	460	19360.24	460	19325.05	35.19	0.0	
200	C	458	453	7493.75	452	8240.42	-746.67	-0.02	
201	G	450	446	8982.41	448	48.09	8934.32	0.19	
202	G	444	439	25656.72	439	16762.83	8893.89	0.19	
203	A	437	431	34831.9	431	17889.53	16942.36	0.36	
204	C	430	422	46616.7	422	23349.4	23267.3	0.5	
205	G	420	413	47876.5	414	32324.41	15552.09	0.33	
206	C	413	407	388653.79	407	281268.84	107384.95	2.29	
207	A	406	399	49503.24	399	42937.46	6565.78	0.14	
208	G	397	392	36309.34	394	39570.14	-3260.8	-0.07	
209	U	390	384	35346.32	386	17841.04	17505.28	0.37	
210	U	384	376	45410.68	376	19593.63	25817.05	0.55	
211	C	375	368	179763.88	368	125282.24	54481.64	1.16	
212	A	367	361	23035.89	361	14579.61	8456.29	0.18	
213	G	357	354	11228.59	355	11208.16	20.44	0.0	
214	G	352	347	82903.89	347	25693.21	57210.68	1.22	
215	A	346	339	26282.83	338	19339.04	6943.79	0.15	
216	G	337	333	18889.3	332	10016.17	8873.13	0.19	
217	G	331	329	0.0	326	5274.98	-5274.98	-0.11	
218	C	324	319	115713.58	319	90683.06	25030.52	0.53	
219	A	318	311	12718.3	310	5787.3	6931.0	0.15	
220	C	310	302	39703.19	302	29073.38	10629.81	0.23	
221	C	302	294	124396.02	294	86075.67	38320.35	0.82	
222	A	293	285	31478.48	284	23001.43	8477.05	0.18	
223	C	286	277	147096.93	276	97371.12	49725.8	1.06	
224	A	276	268	64746.37	268	23121.86	41624.51	0.89	
225	G	266	261	17579.66	262	17604.2	-24.54	-0	
226	G	260	254	18746.17	254	12034.83	6711.33	0.14	
227	C	249	245	13285.97	245	9312.27	3973.7	0.08	
228	G	243	236	0.0	237	76.97	-76.97	-0	
229	G	237	232	9496.4	234	6925.79	2570.6	0.05	
230	G	232	226	25272.71	227	19625.43	5647.28	0.12	
231	A	224	218	30203.32	218	20910.43	9292.9	0.2	
232	G	217	211	31578.27	212	12969.99	18608.28	0.4	
233	G	211	206	61761.14	206	44557.64	17203.5	0.37	
234	C	205	198	273318.13	198	221649.14	51668.98	1.1	
235	G	196	191	110943.14	193	68469.31	42473.83	0.9	
236	G	191	185	147445.9	186	136780.55	10665.35	0.23	
237	C	185	178	415644.75	178	482292.53	-66647.78	-1.42	
238	A	177	171	74573.14	169	67080.9	7492.24	0.16	
239	G	168	164	62804.09	164	40854.0	21950.1	0.47	
240	A	163	157	37511.71	158	32086.0	5425.71	0.12	
241	A	156	149	36102.43	148	24053.75	12048.68	0.26	
242	C	147	141	85054.64	141	54980.26	30074.38	0.64	
243	G	139	134	3988.72	134	795.93	3192.79	0.07	
244	C	132	127	105391.64	127	94715.93	10675.71	0.23	
245	G	126	121	12753.23	120	2702.25	10050.98	0.21	
246	A	121	114	17939.17	115	10059.46	7879.71	0.17	
247	C	114	107	15495.35	107	16716.85	-1221.5	-0.03	
248	U	106	100	43122.65	100	39252.43	3870.23	0.08	
249	C	100	93	125966.72	93	96645.77	29320.95	0.62	
250	A	92	86	35637.43	85	27475.46	8161.97	0.17	
251	A	84	77	20694.93	77	13890.76	6804.16	0.14	
252	C	76	69	18186.5	68	12313.67	5872.83	0.13	
253	C	65	59	122738.65	59	131344.72	-8606.07	-0.18	
254	G	58	53	30342.97	53	31864.5	-1521.54	-0.03	
255	G	52	48	48482.57	48	45034.12	3448.45	0.07	
256	C	46	41	66733.09	40	143074.86	-76341.78	-1.63	
257	G	42	37	169408.51	36	122932.05	46476.46	0.99	
258	U	37	31	14894.1	30	18041.2	-3147.09	-0.07	
259	G	29	23	19247.95	24	15909.49	3338.47	0.07	
260	G	23	17	52895.83	17	37267.61	15628.21	0.33	
261	G	17	11	129753.11	11	112812.34	16940.77	0.36	
262	A	11	5	27313.15	6	14311.85	13001.3	0.28	
