seqNum	seqRNA	posSeq	posRX	areaRX	posBG	areaBG	areaDiff	normDiff	
34	U	1844	1836	2646.6	1836	2431.26	215.34	0.03	
35	G	1835	1828	4673.46	1828	3987.65	685.8	0.09	
36	G	1827	1818	3536.99	1819	2214.83	1322.15	0.18	
37	A	1818	1810	5040.28	1810	2504.95	2535.33	0.34	
38	C	1809	1801	2834.96	1801	1006.46	1828.5	0.24	
39	U	1800	1791	1015.02	1792	208.54	806.48	0.11	
40	U	1790	1782	595.83	1782	694.43	-98.6	-0.01	
41	U	1783	1774	740.03	1773	590.09	149.94	0.02	
42	C	1772	1764	3366.3	1764	2815.84	550.46	0.07	
43	G	1762	1757	1745.74	1756	861.51	884.22	0.12	
44	A	1754	1746	3073.18	1746	2364.64	708.53	0.09	
45	U	1745	1737	6873.01	1737	5479.17	1393.84	0.19	
46	C	1736	1729	887.33	1728	733.59	153.74	0.02	
47	U	1727	1718	2647.33	1718	1413.7	1233.63	0.17	
48	G	1717	1710	1863.4	1709	533.39	1330.01	0.18	
49	U	1707	1701	15772.02	1701	6958.12	8813.9	1.18	
50	A	1700	1692	3323.06	1691	1667.45	1655.61	0.22	
51	G	1689	1683	2757.81	1681	1511.63	1246.18	0.17	
52	C	1681	1674	5802.97	1672	4634.18	1168.79	0.16	
53	G	1671	1666	1197.63	1665	922.79	274.84	0.04	
54	G	1663	1657	3001.2	1656	1611.16	1390.04	0.19	
55	C	1655	1647	3710.42	1647	5420.9	-1710.48	-0.23	
56	G	1646	1638	4752.12	1638	4927.6	-175.49	-0.02	
57	C	1638	1630	24650.49	1630	17806.5	6843.99	0.92	
58	A	1629	1622	6378.28	1621	3656.15	2722.13	0.36	
59	G	1619	1613	4132.67	1612	1669.61	2463.05	0.33	
60	A	1612	1604	8269.74	1603	3290.8	4978.94	0.67	
61	A	1603	1594	9107.53	1593	6417.16	2690.36	0.36	
62	C	1592	1585	56556.93	1585	38543.24	18013.68	2.41	
63	A	1584	1577	11077.85	1577	6274.01	4803.83	0.64	
64	G	1575	1567	7985.44	1568	3879.77	4105.67	0.55	
65	A	1568	1560	9941.74	1560	1952.09	7989.65	1.07	
66	A	1558	1551	1485.1	1550	748.61	736.49	0.1	
67	A	1549	1541	5013.18	1541	3011.29	2001.9	0.27	
68	A	1540	1532	2714.93	1531	1649.83	1065.1	0.14	
69	C	1531	1522	8893.5	1522	8647.8	245.7	0.03	
70	G	1522	1514	3607.09	1514	3836.66	-229.56	-0.03	
71	A	1515	1505	7672.01	1506	5271.46	2400.55	0.32	
72	A	1505	1493	18807.76	1493	11698.73	7109.03	0.95	
73	A	1496	1487	140072.41	1487	79213.07	60859.34	8.14	
74	C	1486	1478	70182.38	1478	36322.27	33860.11	4.53	
75	A	1478	1469	27046.1	1469	10400.12	16645.97	2.23	
76	A	1469	1462	22743.06	1460	3976.27	18766.79	2.51	
77	A	1460	1452	14725.13	1451	3601.43	11123.7	1.49	
78	G	1450	1444	8568.75	1443	3681.51	4887.24	0.65	
79	A	1442	1434	3104.96	1433	1586.6	1518.36	0.2	
80	C	1431	1424	8170.02	1424	7697.13	472.89	0.06	
81	G	1423	1415	25946.98	1415	18129.32	7817.66	1.05	
82	C	1414	1406	17584.1	1407	11779.71	5804.39	0.78	
83	A	1406	1397	7662.76	1397	3485.21	4177.55	0.56	
84	G	1396	1390	10860.18	1389	5109.65	5750.54	0.77	
85	A	1388	1380	8891.68	1380	2999.0	5892.68	0.79	
86	G	1379	1372	1963.53	1372	813.0	1150.53	0.15	
87	U	1371	1363	1089.3	1364	187.75	901.55	0.12	
88	U	1362	1355	4436.76	1355	3499.63	937.13	0.13	
89	G	1354	1347	5420.26	1347	4993.91	426.35	0.06	
90	A	1346	1336	1470.63	1338	2628.68	-1158.05	-0.15	
91	G	1337	1330	16373.42	1330	11898.56	4474.86	0.6	
92	C	1329	1321	54448.49	1321	34889.93	19558.57	2.62	
93	A	1320	1312	14009.87	1312	7752.69	6257.18	0.84	
94	A	1311	1303	10217.35	1303	3293.06	6924.29	0.93	
95	G	1301	1295	14249.84	1294	6703.59	7546.25	1.01	
96	C	1293	1285	28809.64	1285	15967.84	12841.8	1.72	
97	A	1284	1276	2369.68	1277	601.18	1768.5	0.24	
98	G	1274	1268	6473.35	1268	2823.05	3650.31	0.49	
99	G	1266	1261	2722.45	1260	1022.14	1700.31	0.23	
100	G	1259	1253	2924.78	1252	2722.86	201.92	0.03	
101	U	1252	1243	3417.43	1242	2159.87	1257.56	0.17	
102	C	1243	1235	20152.74	1234	14714.37	5438.37	0.73	
103	A	1233	1226	6693.36	1225	3756.1	2937.27	0.39	
104	G	1223	1218	9341.82	1218	3452.47	5889.34	0.79	
105	G	1216	1210	52332.19	1210	26360.24	25971.95	3.47	
106	C	1209	1201	9137.74	1201	4883.33	4254.41	0.57	
107	A	1200	1192	6366.47	1192	1837.35	4529.12	0.61	
108	A	1191	1184	8255.95	1183	2911.73	5344.23	0.71	
109	A	1182	1174	2204.32	1174	879.7	1324.62	0.18	
110	G	1172	1166	2407.54	1166	1333.1	1074.44	0.14	
111	C	1164	1156	6383.83	1157	3979.14	2404.69	0.32	
112	G	1155	1148	5380.07	1149	2298.35	3081.71	0.41	
113	U	1148	1140	6288.56	1141	2783.12	3505.44	0.47	
114	G	1139	1133	2302.81	1133	845.43	1457.38	0.19	
115	G	1132	1126	2493.72	1126	1381.92	1111.8	0.15	
116	A	1125	1117	1714.75	1117	1194.19	520.56	0.07	
117	G	1115	1109	2644.26	1109	2134.58	509.68	0.07	
118	A	1109	1101	2420.89	1101	1246.01	1174.88	0.16	
119	G	1099	1092	1658.27	1092	596.21	1062.06	0.14	
120	C	1091	1082	2198.67	1082	2009.99	188.69	0.03	
121	C	1081	1074	7265.66	1074	7398.5	-132.84	-0.02	
122	G	1072	1066	3363.92	1066	3428.21	-64.3	-0.01	
123	G	1065	1058	4487.42	1058	3837.88	649.53	0.09	
124	C	1058	1050	4738.02	1050	5032.03	-294.01	-0.04	
125	U	1049	1042	1965.17	1042	903.86	1061.31	0.14	
126	G	1040	1034	3606.33	1035	2820.41	785.92	0.11	
127	A	1034	1026	2823.92	1026	2194.56	629.36	0.08	
128	G	1024	1018	2029.82	1019	1417.06	612.76	0.08	
129	U	1017	1010	828.44	1010	855.66	-27.22	-0	
130	C	1009	1000	1174.75	1001	922.69	252.06	0.03	
131	U	1001	992	11455.12	993	7614.2	3840.92	0.51	
132	A	991	984	5284.3	985	1201.6	4082.7	0.55	
133	G	982	976	1586.18	977	1127.34	458.85	0.06	
134	G	975	968	701.04	968	320.55	380.5	0.05	
135	C	966	960	7977.95	960	6516.85	1461.1	0.2	
136	A	959	951	992.87	953	672.87	320.01	0.04	
137	G	950	944	2251.07	946	164.48	2086.59	0.28	
138	G	943	937	2675.14	937	2336.44	338.7	0.05	
139	C	936	929	20160.58	929	20641.31	-480.73	-0.06	
140	U	928	920	1972.58	920	3007.81	-1035.23	-0.14	
141	C	920	911	7694.66	911	5470.67	2223.99	0.3	
142	C	910	902	7193.67	902	5601.22	1592.46	0.21	
143	A	901	893	10219.41	892	4103.58	6115.83	0.82	
144	A	892	884	7254.24	884	2298.67	4955.57	0.66	
145	G	882	877	7934.44	877	2224.4	5710.04	0.76	
146	G	875	870	3135.16	870	1001.84	2133.32	0.29	
147	G	868	863	3723.55	863	2624.94	1098.61	0.15	
148	A	863	855	966.55	854	863.56	102.99	0.01	
149	G	853	847	834.07	847	768.82	65.25	0.01	
150	C	846	839	5707.83	839	5292.48	415.35	0.06	
151	G	838	830	830.66	831	817.97	12.7	0.0	
152	C	829	821	2903.37	820	2159.52	743.85	0.1	
153	C	820	813	3485.89	813	4710.68	-1224.79	-0.16	
154	G	812	805	13.52	806	785.86	-772.34	-0.1	
155	G	805	799	5176.92	799	4060.88	1116.04	0.15	
156	A	799	791	29596.29	791	19238.96	10357.33	1.39	
157	C	790	783	13999.2	783	9767.26	4231.94	0.57	
158	A	782	774	7683.43	775	2525.0	5158.44	0.69	
159	A	774	766	6757.85	766	1799.93	4957.93	0.66	
160	A	765	758	3835.38	758	908.45	2926.93	0.39	
161	G	756	750	3092.21	751	949.92	2142.3	0.29	
162	G	749	742	1302.49	743	1282.32	20.16	0.0	
163	C	741	734	4558.81	735	3646.65	912.15	0.12	
164	C	734	724	2308.65	725	2158.54	150.1	0.02	
165	C	723	716	10603.65	717	10213.75	389.9	0.05	
166	G	715	709	2115.98	710	2959.62	-843.64	-0.11	
167	G	709	703	3927.36	703	2348.88	1578.48	0.21	
168	U	702	696	4211.52	696	3331.33	880.19	0.12	
169	C	695	687	5359.16	687	5849.84	-490.69	-0.07	
170	U	686	679	1786.17	679	2437.4	-651.23	-0.09	
171	C	678	671	8733.51	671	8445.94	287.57	0.04	
172	G	670	664	5098.83	664	2164.44	2934.39	0.39	
173	A	663	656	4586.24	656	2318.48	2267.76	0.3	
174	C	655	648	2909.43	647	1422.14	1487.3	0.2	
175	C	646	640	1353.83	639	556.98	796.85	0.11	
176	U	638	631	690.98	631	717.66	-26.68	-0	
177	G	629	625	1951.9	624	2005.39	-53.49	-0.01	
178	A	623	616	2331.11	616	1073.86	1257.24	0.17	
179	G	614	609	1639.27	609	1448.07	191.21	0.03	
180	C	609	601	2307.45	601	2561.09	-253.64	-0.03	
181	U	600	593	1136.54	594	762.64	373.9	0.05	
182	C	592	586	1960.5	585	921.35	1039.15	0.14	
183	U	584	579	874.55	578	985.72	-111.17	-0.01	
184	G	576	573	1295.55	572	1757.45	-461.89	-0.06	
185	A	571	564	2991.54	564	1730.97	1260.57	0.17	
186	A	564	556	7182.61	555	4602.47	2580.14	0.35	
187	C	555	549	6993.42	548	3907.38	3086.04	0.41	
188	U	548	540	13380.06	541	6836.34	6543.72	0.88	
189	U	540	534	44994.77	534	24078.22	20916.55	2.8	
190	A	534	526	17099.6	526	6455.73	10643.87	1.42	
191	C	526	519	18758.71	518	6335.35	12423.36	1.66	
192	C	517	509	13095.29	509	6790.05	6305.24	0.84	
193	U	508	502	41271.25	502	24016.69	17254.56	2.31	
194	A	501	494	15846.79	495	5505.47	10341.31	1.38	
195	G	492	488	16046.03	489	3320.88	12725.15	1.7	
196	A	485	479	5717.35	476	1626.28	4091.07	0.55	
197	C	474	469	3418.81	469	2478.15	940.66	0.13	
198	G	467	462	2939.74	463	1028.13	1911.61	0.26	
199	G	461	457	5023.63	454	683.97	4339.65	0.58	
200	C	454	444	0.0	446	395.35	-395.35	-0.05	
201	G	446	442	438.72	440	749.2	-310.48	-0.04	
202	G	439	434	1608.47	434	2118.57	-510.1	-0.07	
203	A	434	426	3642.51	425	2509.07	1133.44	0.15	
204	C	425	417	963.03	417	1623.79	-660.76	-0.09	
205	G	416	409	4882.46	409	4271.14	611.33	0.08	
206	C	409	403	29185.89	403	19845.79	9340.1	1.25	
207	A	403	396	5832.76	396	4303.42	1529.34	0.2	
208	G	397	390	2970.55	388	1273.52	1697.03	0.23	
209	U	393	385	1211.88	382	1761.53	-549.65	-0.07	
210	U	381	373	3217.08	373	4343.0	-1125.92	-0.15	
211	C	373	364	17520.21	365	14025.98	3494.23	0.47	
212	A	363	357	3926.66	357	1421.6	2505.06	0.34	
213	G	354	350	2002.7	350	384.26	1618.44	0.22	
214	G	349	344	7000.77	344	2856.69	4144.08	0.55	
215	A	342	337	3646.95	336	2886.26	760.69	0.1	
216	G	334	329	4062.85	330	1309.89	2752.95	0.37	
217	G	328	324	2672.62	326	479.17	2193.45	0.29	
218	C	324	317	12771.5	318	9004.44	3767.06	0.5	
219	A	317	311	1147.1	312	736.39	410.71	0.05	
220	C	309	300	6399.17	300	3360.88	3038.28	0.41	
221	C	299	292	13807.31	293	9357.77	4449.54	0.6	
222	A	292	282	7789.63	283	3014.43	4775.21	0.64	
223	C	283	275	19203.96	275	10658.02	8545.95	1.14	
224	A	274	266	8212.54	267	938.51	7274.03	0.97	
225	G	264	259	5321.89	260	656.18	4665.71	0.62	
226	G	258	252	4842.57	251	1351.23	3491.34	0.47	
227	C	251	244	4321.95	244	827.82	3494.13	0.47	
228	G	242	238	1939.93	239	9.36	1930.57	0.26	
229	G	236	233	1793.79	233	561.13	1232.66	0.16	
230	G	230	226	2684.38	225	1833.57	850.81	0.11	
231	A	224	217	790.84	215	2366.15	-1575.31	-0.21	
232	G	215	209	0.0	208	3334.38	-3334.38	-0.45	
233	G	209	204	10435.09	203	8002.81	2432.28	0.33	
234	C	204	196	41445.63	196	24868.77	16576.87	2.22	
235	G	195	189	21000.63	189	11998.32	9002.31	1.2	
236	G	190	184	37599.15	184	15431.39	22167.75	2.97	
237	C	184	178	99742.15	178	59897.0	39845.16	5.33	
238	A	177	173	32264.38	170	6645.81	25618.57	3.43	
239	G	169	164	21419.4	164	3940.27	17479.13	2.34	
240	A	163	159	13616.88	159	2664.6	10952.28	1.47	
241	A	157	148	6898.42	147	4126.22	2772.2	0.37	
242	C	150	141	6259.76	141	4911.69	1348.07	0.18	
243	G	141	133	0.0	134	1775.9	-1775.9	-0.24	
244	C	133	127	10795.46	127	9036.69	1758.77	0.24	
245	G	125	120	395.34	121	1431.55	-1036.21	-0.14	
246	A	120	115	2151.41	115	782.6	1368.8	0.18	
247	C	114	109	550.23	107	2304.19	-1753.96	-0.23	
248	U	106	101	7289.23	100	5521.72	1767.51	0.24	
249	C	100	94	12078.02	93	6898.89	5179.13	0.69	
250	A	92	87	3773.28	85	1439.8	2333.48	0.31	
251	A	84	77	2165.05	76	2532.13	-367.08	-0.05	
252	C	74	65	1647.23	65	3240.94	-1593.71	-0.21	
253	C	65	59	13475.95	59	12632.06	843.89	0.11	
254	G	58	49	10290.99	48	8075.69	2215.29	0.3	
255	G	48	40	24387.01	40	20046.17	4340.84	0.58	
256	C	39	33	8465.75	33	5646.01	2819.73	0.38	
257	G	32	27	5041.67	26	4280.09	761.57	0.1	
258	U	25	19	12704.05	18	14741.85	-2037.8	-0.27	
259	G	20	14	22234.23	13	14259.48	7974.75	1.07	
260	G	13	8	6165.56	9	3930.04	2235.52	0.3	
