seqNum	seqRNA	posSeq	posRX	areaRX	posBG	areaBG	areaDiff	normDiff	
33	G	1774	1767	15537.9	1767	8611.69	6926.21	0.2	
34	U	1769	1761	16994.17	1762	8423.97	8570.2	0.25	
35	G	1762	1753	10759.71	1757	3186.3	7573.41	0.22	
36	G	1751	1743	6561.07	1743	3350.17	3210.91	0.09	
37	A	1743	1734	1278.78	1735	1727.9	-449.12	-0.01	
38	C	1735	1727	2812.5	1729	54.43	2758.07	0.08	
39	U	1730	1722	3264.44	1724	991.55	2272.89	0.06	
40	U	1724	1717	4999.09	1718	1661.0	3338.09	0.1	
41	U	1716	1710	3735.71	1707	901.94	2833.77	0.08	
42	C	1707	1697	5243.85	1699	4920.3	323.55	0.01	
43	G	1698	1690	5755.58	1691	868.37	4887.21	0.14	
44	A	1689	1681	10213.28	1681	3952.21	6261.07	0.18	
45	U	1680	1673	13789.75	1673	10051.7	3738.05	0.11	
46	C	1672	1666	6740.47	1665	769.44	5971.04	0.17	
47	U	1664	1656	6153.86	1656	1864.57	4289.28	0.12	
48	G	1654	1645	4362.64	1644	6133.04	-1770.4	-0.05	
49	U	1646	1638	17578.3	1639	27337.48	-9759.18	-0.28	
50	A	1637	1630	5784.68	1630	2852.29	2932.4	0.08	
51	G	1629	1620	3482.18	1617	3158.71	323.47	0.01	
52	C	1618	1611	7396.3	1612	13926.25	-6529.95	-0.19	
53	G	1611	1603	6698.22	1606	3406.21	3292.01	0.09	
54	G	1602	1596	8218.59	1593	4449.71	3768.88	0.11	
55	C	1594	1582	11073.08	1587	16957.88	-5884.81	-0.17	
56	G	1586	1576	28000.58	1577	25128.1	2872.47	0.08	
57	C	1578	1569	63912.79	1570	57240.78	6672.02	0.19	
58	A	1569	1561	37028.05	1563	15520.3	21507.75	0.61	
59	G	1560	1553	26104.19	1554	4794.46	21309.73	0.61	
60	A	1551	1544	28395.33	1540	12100.02	16295.31	0.47	
61	A	1543	1531	50020.64	1531	41350.87	8669.77	0.25	
62	C	1535	1525	147244.93	1526	107577.79	39667.14	1.13	
63	A	1525	1518	70086.93	1520	37290.89	32796.04	0.94	
64	G	1517	1512	44982.28	1511	21923.51	23058.77	0.66	
65	A	1511	1504	11168.8	1503	8536.28	2632.52	0.08	
66	A	1501	1492	8310.48	1494	190.32	8120.16	0.23	
67	A	1493	1483	14969.24	1483	6544.08	8425.16	0.24	
68	A	1482	1473	7332.87	1470	11045.8	-3712.94	-0.11	
69	C	1474	1464	20674.69	1465	22079.16	-1404.47	-0.04	
70	G	1465	1454	26125.89	1458	20419.3	5706.59	0.16	
71	A	1458	1445	72771.67	1445	45124.25	27647.42	0.79	
72	A	1448	1437	170522.56	1437	85889.26	84633.3	2.42	
73	A	1440	1431	499873.18	1432	213105.23	286767.96	8.2	
74	C	1431	1424	227657.06	1424	141405.48	86251.58	2.47	
75	A	1422	1417	129449.4	1419	68605.89	60843.5	1.74	
76	A	1415	1406	49505.99	1409	25591.08	23914.91	0.68	
77	A	1406	1397	43386.8	1399	5331.14	38055.65	1.09	
78	G	1396	1389	31955.02	1385	7569.91	24385.1	0.7	
79	A	1389	1379	22611.76	1376	24536.4	-1924.64	-0.06	
80	C	1379	1371	31593.62	1370	37266.6	-5672.98	-0.16	
81	G	1369	1362	51718.68	1362	46061.72	5656.96	0.16	
82	C	1361	1354	15383.81	1355	30671.33	-15287.52	-0.44	
83	A	1353	1344	3222.87	1349	13102.4	-9879.53	-0.28	
84	G	1344	1336	7856.46	1338	6968.58	887.88	0.03	
85	A	1337	1327	11624.23	1329	4518.18	7106.05	0.2	
86	G	1326	1315	3807.64	1316	0.24	3807.4	0.11	
87	U	1319	1309	7390.21	1313	0.71	7389.51	0.21	
88	U	1311	1300	23371.36	1300	9998.32	13373.04	0.38	
89	G	1302	1293	37357.23	1294	16815.66	20541.56	0.59	
90	A	1294	1287	44869.3	1287	17605.92	27263.38	0.78	
91	G	1286	1280	62617.84	1279	26656.59	35961.25	1.03	
92	C	1280	1271	107097.23	1271	63883.03	43214.2	1.24	
93	A	1271	1262	55595.85	1263	19724.4	35871.45	1.03	
94	A	1261	1254	36360.94	1256	10753.15	25607.8	0.73	
95	G	1251	1245	23999.38	1245	7480.75	16518.63	0.47	
96	C	1244	1236	23659.47	1237	15498.35	8161.12	0.23	
97	A	1236	1227	1706.58	1225	2005.15	-298.57	-0.01	
98	G	1227	1219	17960.43	1220	9651.81	8308.62	0.24	
99	G	1219	1212	18603.87	1213	6796.24	11807.63	0.34	
100	G	1212	1204	25581.59	1205	12836.76	12744.83	0.36	
101	U	1204	1196	32185.78	1196	15540.0	16645.78	0.48	
102	C	1194	1187	68050.98	1188	42387.32	25663.66	0.73	
103	A	1187	1178	24597.86	1180	10516.73	14081.13	0.4	
104	G	1178	1168	51203.02	1169	18799.52	32403.49	0.93	
105	G	1170	1163	194853.58	1164	76868.12	117985.47	3.37	
106	C	1163	1156	52676.19	1156	24235.99	28440.2	0.81	
107	A	1155	1147	43157.25	1148	10698.31	32458.94	0.93	
108	A	1146	1138	31145.19	1139	8763.43	22381.76	0.64	
109	A	1138	1129	16357.35	1130	1717.65	14639.7	0.42	
110	G	1128	1121	6440.81	1121	1797.71	4643.09	0.13	
111	C	1119	1112	13041.73	1112	6683.61	6358.12	0.18	
112	G	1110	1104	8301.1	1103	6798.6	1502.49	0.04	
113	U	1102	1096	10660.01	1096	8109.11	2550.9	0.07	
114	G	1094	1089	10239.87	1086	34.47	10205.41	0.29	
115	G	1087	1082	14460.19	1081	2299.24	12160.96	0.35	
116	A	1079	1073	9361.39	1073	3059.94	6301.44	0.18	
117	G	1071	1066	12112.34	1066	4522.24	7590.1	0.22	
118	A	1065	1058	13161.57	1058	2031.72	11129.85	0.32	
119	G	1056	1048	1602.54	1049	1411.67	190.86	0.01	
120	C	1048	1040	6228.89	1040	6225.57	3.31	0.0	
121	C	1040	1032	7102.78	1032	17419.32	-10316.54	-0.29	
122	G	1031	1024	9354.2	1024	9608.13	-253.94	-0.01	
123	G	1023	1016	15616.37	1017	13768.08	1848.3	0.05	
124	C	1017	1009	23634.95	1009	14576.39	9058.56	0.26	
125	U	1008	1001	25234.85	1002	6191.35	19043.5	0.54	
126	G	1000	994	27358.88	995	6942.84	20416.03	0.58	
127	A	993	986	22926.75	986	4985.85	17940.9	0.51	
128	G	985	979	13086.18	979	3727.7	9358.47	0.27	
129	U	971	971	3519.45	971	1391.69	2127.76	0.06	
130	C	965	959	2432.3	960	2070.52	361.78	0.01	
131	U	960	953	30831.45	954	16150.66	14680.8	0.42	
132	A	952	945	34631.61	946	1085.75	33545.86	0.96	
133	G	943	936	17323.32	936	1357.31	15966.02	0.46	
134	G	937	929	21399.97	928	5784.24	15615.73	0.45	
135	C	929	922	44440.36	922	23181.09	21259.27	0.61	
136	A	921	914	31671.17	915	7976.31	23694.86	0.68	
137	G	912	907	38986.81	906	4804.23	34182.59	0.98	
138	G	905	900	17729.4	899	9186.1	8543.3	0.24	
139	C	898	892	12872.43	892	36045.42	-23172.99	-0.66	
140	U	891	884	3026.96	884	7847.88	-4820.93	-0.14	
141	C	883	874	16044.16	875	14387.54	1656.62	0.05	
142	C	874	865	25127.41	866	15020.36	10107.06	0.29	
143	A	865	857	54534.06	857	9711.42	44822.64	1.28	
144	A	855	848	49140.44	849	6616.09	42524.35	1.22	
145	G	846	842	39375.35	842	7232.64	32142.71	0.92	
146	G	840	835	24138.76	835	3321.12	20817.64	0.6	
147	G	833	829	12267.37	828	4737.27	7530.11	0.22	
148	A	827	821	3816.4	819	709.93	3106.48	0.09	
149	G	819	815	534.7	811	977.2	-442.5	-0.01	
150	C	811	804	2806.79	804	9317.83	-6511.04	-0.19	
151	G	803	797	1750.78	796	1014.59	736.19	0.02	
152	C	796	787	2854.3	787	3442.42	-588.12	-0.02	
153	C	787	779	3446.15	780	7556.7	-4110.55	-0.12	
154	G	778	772	1887.28	769	6585.12	-4697.84	-0.13	
155	G	772	763	21817.7	763	13223.24	8594.46	0.25	
156	A	766	758	115416.89	758	54923.18	60493.71	1.73	
157	C	757	751	36306.19	750	34167.37	2138.82	0.06	
158	A	750	743	32502.86	743	12669.73	19833.13	0.57	
159	A	741	734	37334.45	734	8089.89	29244.55	0.84	
160	A	732	726	25808.24	726	4672.59	21135.65	0.6	
161	G	724	720	19010.81	720	3037.97	15972.85	0.46	
162	G	718	713	6202.29	712	1032.37	5169.92	0.15	
163	C	711	704	8927.21	703	5448.67	3478.54	0.1	
164	C	703	695	2910.88	692	4162.16	-1251.28	-0.04	
165	C	694	686	5673.18	686	18976.15	-13302.96	-0.38	
166	G	685	680	5323.25	679	5749.26	-426.0	-0.01	
167	G	678	673	6553.68	669	6457.41	96.27	0.0	
168	U	671	665	13517.14	664	11649.12	1868.03	0.05	
169	C	667	658	15580.57	658	21890.1	-6309.53	-0.18	
170	U	657	652	11106.23	651	18399.1	-7292.87	-0.21	
171	C	649	640	13822.37	643	24596.81	-10774.43	-0.31	
172	G	641	635	31199.82	635	18929.89	12269.93	0.35	
173	A	636	628	30065.55	630	16551.7	13513.85	0.39	
174	C	628	621	14381.2	621	11776.43	2604.77	0.07	
175	C	618	613	5469.69	613	6497.66	-1027.97	-0.03	
176	U	610	605	1242.99	606	2707.24	-1464.26	-0.04	
177	G	603	598	5126.23	599	2876.55	2249.68	0.06	
178	A	597	590	8895.04	591	1261.77	7633.27	0.22	
179	G	590	584	5008.91	584	1750.71	3258.2	0.09	
180	C	582	575	2636.76	576	3715.51	-1078.76	-0.03	
181	U	575	567	2794.03	567	1877.5	916.53	0.03	
182	C	569	557	1621.48	556	5429.34	-3807.86	-0.11	
183	U	559	551	12941.93	550	10583.37	2358.56	0.07	
184	G	552	546	26313.15	545	10651.18	15661.97	0.45	
185	A	546	540	35422.28	540	17445.13	17977.15	0.51	
186	A	540	532	36234.41	532	21303.5	14930.92	0.43	
187	C	532	524	28894.83	524	25240.19	3654.64	0.1	
188	U	524	517	57079.64	516	53534.03	3545.61	0.1	
189	U	517	511	115013.05	511	84700.46	30312.59	0.87	
190	A	511	505	44163.91	506	41225.61	2938.3	0.08	
191	C	502	495	24043.74	496	22900.33	1143.41	0.03	
192	C	494	487	23394.66	486	32462.44	-9067.78	-0.26	
193	U	486	479	60273.32	480	78455.08	-18181.76	-0.52	
194	A	479	472	22294.51	474	23349.67	-1055.16	-0.03	
195	G	471	466	11705.89	465	3158.01	8547.88	0.24	
196	A	463	455	7551.9	455	7665.83	-113.93	-0	
197	C	455	448	8278.04	449	7689.31	588.73	0.02	
198	G	446	441	10057.34	438	1334.81	8722.54	0.25	
199	G	441	434	18827.85	433	5786.61	13041.23	0.37	
200	C	435	429	9163.23	427	3471.89	5691.34	0.16	
201	G	425	420	10129.18	421	2658.47	7470.71	0.21	
202	G	420	414	18745.4	415	3590.64	15154.76	0.43	
203	A	413	407	16596.09	407	3169.55	13426.54	0.38	
204	C	406	399	4377.32	396	2856.96	1520.36	0.04	
205	G	398	391	19326.82	390	17309.25	2017.57	0.06	
206	C	392	385	126861.33	385	65117.62	61743.7	1.77	
207	A	384	378	41010.92	379	15578.7	25432.22	0.73	
208	G	376	373	9924.36	369	1777.0	8147.36	0.23	
209	U	369	362	5869.61	359	6208.39	-338.78	-0.01	
210	U	362	354	23856.32	353	12540.69	11315.63	0.32	
211	C	354	347	100344.68	347	39176.55	61168.13	1.75	
212	A	347	340	32089.41	341	5439.07	26650.34	0.76	
213	G	339	333	19405.83	330	2931.2	16474.62	0.47	
214	G	332	327	37971.04	326	6287.34	31683.7	0.91	
215	A	326	320	10028.08	321	5067.96	4960.12	0.14	
216	G	319	314	8082.88	315	4024.57	4058.31	0.12	
217	G	313	309	7459.92	307	6715.68	744.24	0.02	
218	C	309	302	64547.38	302	35916.52	28630.86	0.82	
219	A	301	295	9514.2	295	1446.75	8067.45	0.23	
220	C	295	285	20818.75	285	12292.21	8526.54	0.24	
221	C	286	278	52128.62	278	30195.09	21933.53	0.63	
222	A	277	269	36961.24	267	11695.1	25266.14	0.72	
223	C	269	261	116958.66	261	41575.18	75383.48	2.16	
224	A	261	253	38268.85	255	4906.88	33361.97	0.95	
225	G	252	246	27754.04	246	5275.04	22479.0	0.64	
226	G	245	239	31951.11	239	7739.86	24211.26	0.69	
227	C	237	232	7532.79	234	1794.01	5738.77	0.16	
228	G	229	220	5353.62	219	5457.05	-103.43	-0	
229	G	218	214	14619.31	213	11028.56	3590.75	0.1	
230	G	211	199	10821.33	199	9637.28	1184.05	0.03	
231	A	203	194	42863.81	194	33427.89	9435.92	0.27	
232	G	194	186	45840.0	186	58397.92	-12557.91	-0.36	
233	G	185	180	50437.35	175	96947.99	-46510.65	-1.33	
234	C	180	175	142094.76	170	82697.42	59397.33	1.7	
235	G	175	169	424463.42	174	78101.4	346362.02	9.9	
236	G	167	163	96799.2	166	113970.63	-17171.44	-0.49	
237	C	161	156	68596.0	156	4212.16	64383.83	1.84	
238	A	156	149	55184.86	148	3932.55	51252.31	1.47	
239	G	147	141	65426.09	140	13974.8	51451.29	1.47	
240	A	139	133	44106.86	133	23168.91	20937.95	0.6	
241	A	131	125	5403.22	127	7245.1	-1841.88	-0.05	
242	C	127	120	45728.01	121	32983.86	12744.15	0.36	
243	G	120	115	20968.7	116	6785.3	14183.4	0.41	
244	C	115	109	20747.32	108	2319.88	18427.44	0.53	
245	G	108	100	18506.22	101	12174.95	6331.27	0.18	
246	A	101	95	143721.74	95	36366.19	107355.55	3.07	
247	C	94	88	123845.07	89	39003.9	84841.17	2.43	
248	U	88	81	24209.05	82	7015.12	17193.93	0.49	
249	C	80	73	14439.02	72	1820.04	12618.98	0.36	
250	A	71	65	16998.65	64	6266.59	10732.06	0.31	
251	A	64	56	7219.7	56	25654.84	-18435.14	-0.53	
252	C	55	51	3731.24	48	12802.61	-9071.37	-0.26	
253	C	50	44	28261.98	43	16934.3	11327.68	0.32	
254	G	44	36	43966.46	37	49827.83	-5861.37	-0.17	
255	G	36	29	0.0	30	14436.65	-14436.65	-0.41	
256	C	31	20	38636.27	19	39831.18	-1194.91	-0.03	
257	G	23	15	132994.3	14	71501.77	61492.53	1.76	
258	U	16	10	112207.18	10	30068.89	82138.28	2.35	
259	G	11	5	39082.17	6	7891.97	31190.2	0.89	
