seqNum	seqRNA	posSeq	posRX	areaRX	posBG	areaBG	areaDiff	normDiff	
34	U	1830	1824	7090.76	1824	4141.42	2949.34	0.19	
35	G	1823	1816	10739.79	1816	5915.81	4823.98	0.31	
36	G	1816	1807	13596.61	1807	1511.19	12085.42	0.77	
37	A	1806	1797	12868.64	1797	2578.65	10289.99	0.66	
38	C	1798	1788	1804.76	1789	1288.67	516.09	0.03	
39	U	1787	1780	2702.72	1778	500.6	2202.12	0.14	
40	U	1776	1771	3668.78	1770	2026.18	1642.59	0.11	
41	U	1768	1761	1135.8	1761	1213.09	-77.29	-0	
42	C	1758	1751	4310.35	1752	5463.32	-1152.98	-0.07	
43	G	1751	1743	4082.16	1744	2089.82	1992.34	0.13	
44	A	1743	1734	9148.48	1734	4298.61	4849.87	0.31	
45	U	1736	1725	8773.47	1725	8732.65	40.82	0.0	
46	C	1724	1717	639.52	1716	2728.15	-2088.63	-0.13	
47	U	1715	1707	2655.57	1707	3949.43	-1293.86	-0.08	
48	G	1706	1697	1253.59	1699	1289.95	-36.35	-0	
49	U	1696	1689	10014.8	1690	12442.64	-2427.84	-0.16	
50	A	1689	1680	11219.36	1681	3108.15	8111.22	0.52	
51	G	1678	1671	5983.64	1671	1330.27	4653.37	0.3	
52	C	1669	1661	8973.74	1662	7685.28	1288.46	0.08	
53	G	1660	1653	2251.47	1654	2391.02	-139.55	-0.01	
54	G	1653	1646	9913.01	1645	3316.49	6596.52	0.42	
55	C	1644	1636	4185.8	1636	9310.93	-5125.13	-0.33	
56	G	1635	1627	10387.37	1627	6899.34	3488.03	0.22	
57	C	1626	1618	29483.38	1619	29946.75	-463.37	-0.03	
58	A	1618	1609	20139.29	1611	5242.93	14896.36	0.95	
59	G	1608	1601	14464.06	1602	1451.28	13012.78	0.83	
60	A	1599	1592	15335.1	1592	4494.59	10840.5	0.69	
61	A	1593	1582	15669.59	1582	7056.46	8613.13	0.55	
62	C	1584	1573	59327.99	1574	58148.84	1179.15	0.08	
63	A	1573	1564	20467.54	1566	8611.65	11855.89	0.76	
64	G	1563	1556	12814.95	1557	5537.7	7277.25	0.47	
65	A	1556	1547	5664.01	1549	3586.03	2077.98	0.13	
66	A	1548	1538	9490.25	1539	950.51	8539.74	0.55	
67	A	1538	1529	18649.94	1529	4538.5	14111.44	0.9	
68	A	1529	1520	7549.55	1518	1998.39	5551.17	0.35	
69	C	1519	1510	12306.72	1510	10421.48	1885.23	0.12	
70	G	1509	1503	6117.76	1502	4647.96	1469.8	0.09	
71	A	1502	1493	11597.81	1493	5923.71	5674.09	0.36	
72	A	1493	1484	26099.3	1484	15408.32	10690.98	0.68	
73	A	1483	1475	160697.79	1475	128656.38	32041.41	2.05	
74	C	1474	1466	57608.28	1466	58048.89	-440.62	-0.03	
75	A	1465	1457	31274.42	1457	11200.46	20073.95	1.28	
76	A	1456	1448	16724.97	1449	3455.93	13269.04	0.85	
77	A	1447	1439	22978.94	1439	1831.9	21147.04	1.35	
78	G	1437	1432	21960.33	1431	2812.96	19147.36	1.22	
79	A	1430	1423	8074.72	1421	1979.98	6094.74	0.39	
80	C	1423	1412	12592.18	1412	9400.26	3191.92	0.2	
81	G	1411	1403	27145.23	1403	21502.05	5643.19	0.36	
82	C	1402	1395	15696.35	1394	14553.56	1142.78	0.07	
83	A	1394	1385	10657.91	1385	2079.89	8578.01	0.55	
84	G	1383	1377	20164.47	1377	4555.71	15608.76	1.0	
85	A	1376	1368	21780.23	1368	4520.1	17260.12	1.1	
86	G	1366	1360	3161.67	1359	1335.18	1826.5	0.12	
87	U	1360	1352	2196.21	1351	97.32	2098.89	0.13	
88	U	1354	1343	5985.23	1343	4983.2	1002.03	0.06	
89	G	1342	1335	9809.67	1335	4635.0	5174.68	0.33	
90	A	1334	1326	3898.63	1327	1539.29	2359.33	0.15	
91	G	1325	1318	24720.51	1318	15242.5	9478.01	0.61	
92	C	1317	1309	74207.49	1309	53552.89	20654.6	1.32	
93	A	1309	1300	21393.91	1300	8997.78	12396.13	0.79	
94	A	1299	1291	12217.17	1291	4503.26	7713.91	0.49	
95	G	1290	1282	19125.47	1282	8661.46	10464.02	0.67	
96	C	1281	1273	39623.08	1273	27226.33	12396.76	0.79	
97	A	1272	1264	5881.69	1264	756.72	5124.98	0.33	
98	G	1261	1256	8413.71	1256	3430.44	4983.28	0.32	
99	G	1254	1249	4198.29	1248	1391.12	2807.17	0.18	
100	G	1246	1241	4438.02	1240	3536.44	901.58	0.06	
101	U	1240	1231	3446.18	1231	2894.64	551.54	0.04	
102	C	1230	1222	25118.55	1222	23929.04	1189.51	0.08	
103	A	1221	1213	7688.64	1213	4967.12	2721.52	0.17	
104	G	1211	1206	9247.08	1206	4537.31	4709.77	0.3	
105	G	1204	1198	65052.29	1198	46563.55	18488.74	1.18	
106	C	1197	1189	14455.16	1189	7365.83	7089.33	0.45	
107	A	1188	1180	10044.14	1180	2986.24	7057.9	0.45	
108	A	1179	1171	13892.63	1171	4301.39	9591.24	0.61	
109	A	1170	1162	9282.97	1162	1601.54	7681.43	0.49	
110	G	1160	1154	6299.68	1153	1957.01	4342.67	0.28	
111	C	1153	1144	10628.23	1144	6133.61	4494.62	0.29	
112	G	1143	1136	8323.38	1136	3237.54	5085.85	0.33	
113	U	1134	1128	9199.8	1128	4257.6	4942.19	0.32	
114	G	1126	1120	9819.35	1121	1496.3	8323.05	0.53	
115	G	1119	1113	8238.23	1113	2327.03	5911.2	0.38	
116	A	1112	1104	5165.23	1104	2195.36	2969.87	0.19	
117	G	1102	1096	6522.98	1097	2792.63	3730.35	0.24	
118	A	1095	1088	10351.04	1088	1469.05	8881.99	0.57	
119	G	1086	1080	5227.96	1079	490.69	4737.28	0.3	
120	C	1076	1070	1964.89	1069	3181.76	-1216.86	-0.08	
121	C	1067	1061	4607.43	1060	9627.2	-5019.77	-0.32	
122	G	1059	1054	3257.22	1053	4092.97	-835.74	-0.05	
123	G	1051	1045	3859.35	1045	5563.11	-1703.77	-0.11	
124	C	1044	1037	4056.9	1037	6633.46	-2576.56	-0.16	
125	U	1036	1028	6657.17	1029	657.43	5999.74	0.38	
126	G	1027	1021	9354.15	1021	2756.71	6597.44	0.42	
127	A	1020	1012	10097.35	1013	1916.68	8180.67	0.52	
128	G	1011	1005	5111.81	1005	1700.02	3411.78	0.22	
129	U	1004	997	1569.02	997	1452.83	116.2	0.01	
130	C	996	988	1960.41	988	833.02	1127.39	0.07	
131	U	988	979	17262.39	980	8902.08	8360.31	0.53	
132	A	979	971	16525.97	972	1140.82	15385.15	0.98	
133	G	969	964	3485.48	964	1597.47	1888.02	0.12	
134	G	962	954	1777.22	954	308.65	1468.58	0.09	
135	C	954	946	16591.01	947	9814.26	6776.75	0.43	
136	A	945	938	12643.75	939	1371.13	11272.62	0.72	
137	G	936	931	16632.69	931	1160.29	15472.4	0.99	
138	G	930	924	6984.43	924	3747.16	3237.27	0.21	
139	C	923	916	12391.38	916	33368.92	-20977.54	-1.34	
140	U	915	907	2986.5	907	5190.17	-2203.67	-0.14	
141	C	907	898	8953.45	898	8528.17	425.28	0.03	
142	C	898	889	16774.76	889	8908.36	7866.4	0.5	
143	A	888	880	35336.28	879	5868.88	29467.41	1.88	
144	A	877	871	30245.71	871	3408.04	26837.67	1.72	
145	G	869	864	22437.16	864	3510.05	18927.12	1.21	
146	G	862	857	12353.78	857	1942.64	10411.14	0.67	
147	G	855	850	6313.24	850	3381.1	2932.15	0.19	
148	A	849	841	2010.62	841	1327.95	682.67	0.04	
149	G	840	833	979.92	834	1248.04	-268.11	-0.02	
150	C	833	826	3301.35	825	8356.95	-5055.6	-0.32	
151	G	824	818	756.72	817	1060.55	-303.83	-0.02	
152	C	816	808	781.94	807	3398.76	-2616.81	-0.17	
153	C	806	799	2164.79	800	7119.97	-4955.18	-0.32	
154	G	798	792	202.03	793	1458.16	-1256.14	-0.08	
155	G	792	786	5936.44	786	4670.77	1265.67	0.08	
156	A	785	778	37533.36	778	26392.71	11140.65	0.71	
157	C	777	770	15235.13	770	14489.35	745.78	0.05	
158	A	768	761	11390.78	762	3269.67	8121.11	0.52	
159	A	761	752	19057.55	753	3020.0	16037.55	1.03	
160	A	751	744	11777.48	744	1394.23	10383.24	0.66	
161	G	742	738	8489.61	738	1625.51	6864.09	0.44	
162	G	736	730	3757.09	730	1737.3	2019.79	0.13	
163	C	729	721	6380.71	721	6749.69	-368.99	-0.02	
164	C	720	712	3840.53	712	3494.74	345.79	0.02	
165	C	711	703	5963.31	704	17764.98	-11801.67	-0.75	
166	G	702	696	3381.52	697	4093.74	-712.22	-0.05	
167	G	696	690	2962.24	690	3055.78	-93.53	-0.01	
168	U	691	682	3895.82	683	4500.92	-605.1	-0.04	
169	C	682	674	3201.68	675	8009.77	-4808.09	-0.31	
170	U	674	666	1843.14	667	2872.92	-1029.78	-0.07	
171	C	665	657	6051.26	658	14006.81	-7955.55	-0.51	
172	G	657	651	13692.0	651	3193.73	10498.27	0.67	
173	A	649	643	9693.81	642	1891.76	7802.05	0.5	
174	C	642	634	3140.74	633	2386.33	754.41	0.05	
175	C	633	625	990.6	626	821.69	168.91	0.01	
176	U	624	618	1840.69	618	820.95	1019.74	0.07	
177	G	616	612	4609.67	611	2842.56	1767.11	0.11	
178	A	610	604	6455.13	603	1504.69	4950.44	0.32	
179	G	601	597	4811.38	597	1712.43	3098.95	0.2	
180	C	594	589	3153.57	589	4587.0	-1433.43	-0.09	
181	U	588	581	2017.09	581	1301.8	715.28	0.05	
182	C	580	574	582.4	573	1447.1	-864.7	-0.06	
183	U	572	567	1407.24	567	1042.16	365.08	0.02	
184	G	564	560	5631.62	560	3389.29	2242.33	0.14	
185	A	559	552	10317.69	552	2398.81	7918.88	0.51	
186	A	552	544	12935.07	544	4871.22	8063.86	0.52	
187	C	543	536	8706.41	537	5332.33	3374.08	0.22	
188	U	536	529	16059.28	530	10528.98	5530.3	0.35	
189	U	528	522	41416.06	523	37890.5	3525.56	0.23	
190	A	522	514	12605.16	515	7973.06	4632.1	0.3	
191	C	514	506	9220.12	506	8337.44	882.68	0.06	
192	C	505	498	8451.69	498	8237.64	214.06	0.01	
193	U	497	490	29609.18	490	34649.59	-5040.41	-0.32	
194	A	489	482	12138.93	482	4024.28	8114.65	0.52	
195	G	480	475	6983.08	474	1540.03	5443.05	0.35	
196	A	475	466	4454.17	464	3946.38	507.79	0.03	
197	C	466	457	5103.95	457	5190.97	-87.02	-0.01	
198	G	456	451	3427.1	450	1320.5	2106.61	0.13	
199	G	449	443	4021.81	442	2111.49	1910.32	0.12	
200	C	442	433	0.0	436	768.08	-768.08	-0.05	
201	G	433	430	1648.25	430	295.75	1352.51	0.09	
202	G	428	423	7099.61	423	1695.18	5404.42	0.35	
203	A	420	414	8241.93	414	2688.86	5553.07	0.36	
204	C	413	406	2978.54	406	1419.1	1559.44	0.1	
205	G	404	399	6273.44	397	4366.62	1906.82	0.12	
206	C	397	392	52321.13	391	33111.72	19209.41	1.23	
207	A	390	384	15251.43	384	4117.88	11133.54	0.71	
208	G	381	376	2124.55	376	1288.71	835.83	0.05	
209	U	375	368	2356.93	369	2880.8	-523.87	-0.03	
210	U	370	361	12426.59	360	6551.78	5874.81	0.38	
211	C	360	353	38868.33	352	27414.75	11453.59	0.73	
212	A	351	346	10053.69	345	1780.23	8273.46	0.53	
213	G	342	338	9974.23	336	792.97	9181.25	0.59	
214	G	336	332	17862.09	331	4582.24	13279.85	0.85	
215	A	329	325	8933.5	324	5097.7	3835.8	0.25	
216	G	322	319	8728.5	318	2390.34	6338.16	0.41	
217	G	316	312	3569.48	311	2118.13	1451.35	0.09	
218	C	311	306	23538.21	305	15425.2	8113.01	0.52	
219	A	305	298	4308.47	299	1216.55	3091.92	0.2	
220	C	298	288	8148.52	289	6497.35	1651.17	0.11	
221	C	289	281	27484.7	281	15888.7	11596.0	0.74	
222	A	281	272	15480.51	272	4979.46	10501.05	0.67	
223	C	272	264	48666.53	264	20711.66	27954.87	1.79	
224	A	263	256	16648.5	256	1323.29	15325.21	0.98	
225	G	253	248	10975.5	248	871.09	10104.41	0.65	
226	G	247	242	9274.26	240	2718.1	6556.16	0.42	
227	C	241	235	5564.53	234	1477.92	4086.61	0.26	
228	G	231	228	534.36	227	7.76	526.6	0.03	
229	G	225	222	3145.81	222	1144.06	2001.75	0.13	
230	G	220	215	9330.2	215	3996.69	5333.51	0.34	
231	A	212	205	2463.61	205	1467.38	996.23	0.06	
232	G	205	199	4822.92	198	3873.01	949.91	0.06	
233	G	199	194	21621.27	193	11918.66	9702.61	0.62	
234	C	191	186	39104.49	186	33723.03	5381.45	0.34	
235	G	185	180	26484.62	180	14924.54	11560.08	0.74	
236	G	179	174	60621.23	174	32260.45	28360.79	1.81	
237	C	174	167	119536.42	167	85261.18	34275.24	2.19	
238	A	166	160	34530.49	160	8732.47	25798.02	1.65	
239	G	158	154	30810.01	153	6254.05	24555.96	1.57	
240	A	151	147	23709.08	147	4360.32	19348.76	1.24	
241	A	145	139	14911.05	137	4599.17	10311.88	0.66	
242	C	135	131	10045.69	130	6830.24	3215.45	0.21	
243	G	128	126	895.05	123	1389.65	-494.6	-0.03	
244	C	122	116	9069.17	117	10819.38	-1750.21	-0.11	
245	G	115	111	4795.25	111	1740.4	3054.85	0.2	
246	A	111	105	8083.12	105	997.92	7085.19	0.45	
247	C	105	98	3753.4	97	2560.13	1193.26	0.08	
248	U	95	91	21337.93	90	8656.0	12681.93	0.81	
249	C	89	84	25817.41	83	10211.83	15605.58	1.0	
250	A	82	77	7323.49	75	1658.41	5665.08	0.36	
251	A	74	68	3918.21	66	1971.84	1946.37	0.12	
252	C	64	59	3047.29	58	3310.42	-263.13	-0.02	
253	C	55	51	4951.63	50	16691.48	-11739.85	-0.75	
254	G	48	46	3986.75	44	5279.74	-1292.99	-0.08	
255	G	44	39	4957.68	39	7004.89	-2047.21	-0.13	
256	C	38	31	7254.78	30	28287.97	-21033.19	-1.35	
257	G	29	21	356.95	23	3033.99	-2677.04	-0.17	
258	U	23	15	5778.21	19	2617.51	3160.7	0.2	
259	G	17	10	15876.88	10	9803.65	6073.24	0.39	
260	G	10	5	30412.26	5	26933.61	3478.65	0.22	
