seqNum	seqRNA	posSeq	posRX	areaRX	posBG	areaBG	areaDiff	normDiff	
34	U	1873	1867	44597.95	1867	36349.26	8248.68	0.15	
35	G	1866	1859	59878.67	1859	64667.07	-4788.41	-0.09	
36	G	1857	1850	49486.33	1851	12953.31	36533.02	0.67	
37	A	1850	1840	44510.23	1840	19646.33	24863.9	0.46	
38	C	1840	1830	11409.43	1831	8823.72	2585.72	0.05	
39	U	1829	1821	12316.73	1822	4869.29	7447.44	0.14	
40	U	1821	1812	21827.46	1813	9887.05	11940.4	0.22	
41	U	1810	1803	22870.87	1803	11773.91	11096.96	0.2	
42	C	1802	1794	69318.45	1794	61980.48	7337.97	0.13	
43	G	1792	1786	39967.74	1788	16880.22	23087.52	0.42	
44	A	1785	1776	70914.81	1776	42364.0	28550.81	0.52	
45	U	1776	1767	67285.27	1767	60115.57	7169.7	0.13	
46	C	1766	1758	15565.79	1761	8480.07	7085.72	0.13	
47	U	1759	1748	28693.46	1747	17763.44	10930.02	0.2	
48	G	1746	1740	3608.29	1737	8572.93	-4964.63	-0.09	
49	U	1738	1730	75821.85	1730	109616.29	-33794.44	-0.62	
50	A	1729	1721	45650.18	1721	24366.46	21283.71	0.39	
51	G	1719	1712	23727.32	1711	4933.04	18794.29	0.34	
52	C	1707	1701	67218.86	1702	91622.71	-24403.86	-0.45	
53	G	1700	1694	33628.6	1695	26031.27	7597.33	0.14	
54	G	1692	1685	94416.86	1685	42974.86	51442.0	0.94	
55	C	1685	1675	106583.16	1676	124981.69	-18398.53	-0.34	
56	G	1675	1667	54093.02	1667	73983.08	-19890.06	-0.36	
57	C	1666	1657	256752.37	1658	350321.58	-93569.21	-1.71	
58	A	1657	1648	107388.62	1650	69581.38	37807.24	0.69	
59	G	1647	1640	76992.38	1641	28095.58	48896.79	0.9	
60	A	1641	1631	74554.3	1630	43439.05	31115.26	0.57	
61	A	1630	1617	66930.63	1618	73186.15	-6255.51	-0.11	
62	C	1619	1611	449098.85	1612	641365.46	-192266.6	-3.52	
63	A	1611	1603	134042.45	1604	105730.44	28312.01	0.52	
64	G	1601	1595	99175.36	1594	61760.84	37414.52	0.68	
65	A	1595	1586	41784.49	1585	20494.88	21289.61	0.39	
66	A	1583	1577	16995.61	1576	16916.5	79.1	0.0	
67	A	1575	1567	72338.43	1566	29299.1	43039.33	0.79	
68	A	1565	1558	72714.91	1554	18466.87	54248.04	0.99	
69	C	1555	1548	98441.36	1547	124180.15	-25738.79	-0.47	
70	G	1546	1540	95532.63	1539	92961.46	2571.17	0.05	
71	A	1539	1531	132788.11	1530	120754.97	12033.14	0.22	
72	A	1530	1518	145617.75	1517	234084.85	-88467.1	-1.62	
73	A	1520	1512	605815.2	1512	1139392.02	-533576.82	-9.77	
74	C	1511	1503	688350.37	1503	1075388.72	-387038.36	-7.08	
75	A	1502	1495	189799.23	1496	174724.03	15075.2	0.28	
76	A	1493	1486	59739.59	1486	45883.94	13855.66	0.25	
77	A	1484	1475	78084.1	1475	16491.46	61592.64	1.13	
78	G	1474	1468	55364.03	1467	22157.17	33206.86	0.61	
79	A	1465	1458	22331.33	1457	15732.65	6598.68	0.12	
80	C	1456	1448	64096.5	1448	83066.8	-18970.3	-0.35	
81	G	1447	1439	105290.29	1439	192388.93	-87098.64	-1.59	
82	C	1437	1430	129073.3	1430	242801.44	-113728.14	-2.08	
83	A	1429	1421	27855.87	1424	18168.21	9687.66	0.18	
84	G	1419	1413	83433.83	1413	28737.42	54696.41	1.0	
85	A	1411	1403	108111.46	1403	30069.6	78041.86	1.43	
86	G	1402	1391	1870.2	1394	8079.43	-6209.24	-0.11	
87	U	1394	1383	16160.46	1386	8951.17	7209.29	0.13	
88	U	1387	1377	72546.16	1378	69833.84	2712.31	0.05	
89	G	1377	1370	123436.32	1370	75579.37	47856.96	0.88	
90	A	1370	1361	46850.78	1357	61582.48	-14731.7	-0.27	
91	G	1359	1352	103730.55	1352	148385.56	-44655.02	-0.82	
92	C	1352	1344	423326.57	1344	671548.16	-248221.59	-4.54	
93	A	1343	1335	129926.71	1338	108486.68	21440.02	0.39	
94	A	1334	1325	71196.1	1325	55304.42	15891.68	0.29	
95	G	1323	1316	59558.63	1316	95918.82	-36360.19	-0.67	
96	C	1315	1307	148411.37	1307	332561.9	-184150.53	-3.37	
97	A	1306	1294	5662.12	1298	5386.34	275.78	0.01	
98	G	1295	1289	57832.81	1289	33380.77	24452.04	0.45	
99	G	1288	1282	23610.9	1281	19847.76	3763.14	0.07	
100	G	1280	1274	35709.27	1274	47157.14	-11447.87	-0.21	
101	U	1273	1263	25428.39	1264	46638.39	-21210.0	-0.39	
102	C	1262	1255	171984.51	1256	274294.86	-102310.35	-1.87	
103	A	1255	1246	59414.95	1246	64942.8	-5527.84	-0.1	
104	G	1245	1238	43553.5	1238	42065.49	1488.01	0.03	
105	G	1237	1230	227807.11	1231	427904.66	-200097.55	-3.66	
106	C	1230	1222	77496.16	1222	155488.74	-77992.59	-1.43	
107	A	1221	1213	61979.32	1213	34010.15	27969.17	0.51	
108	A	1212	1203	84674.4	1204	34206.42	50467.98	0.92	
109	A	1202	1194	42184.96	1194	12227.5	29957.45	0.55	
110	G	1193	1186	28042.59	1186	11932.62	16109.97	0.29	
111	C	1184	1176	67351.97	1176	62254.3	5097.66	0.09	
112	G	1175	1168	48123.16	1168	24720.96	23402.21	0.43	
113	U	1166	1159	62391.43	1160	50160.02	12231.41	0.22	
114	G	1158	1152	58867.81	1153	26478.65	32389.15	0.59	
115	G	1151	1145	56909.7	1145	29467.37	27442.34	0.5	
116	A	1143	1135	20022.92	1135	23044.46	-3021.54	-0.06	
117	G	1134	1128	29977.51	1128	28491.64	1485.87	0.03	
118	A	1127	1119	38662.26	1120	13918.92	24743.34	0.45	
119	G	1118	1111	40046.96	1110	8061.4	31985.56	0.59	
120	C	1109	1100	22820.34	1100	35883.9	-13063.56	-0.24	
121	C	1100	1092	232931.71	1092	253941.9	-21010.19	-0.38	
122	G	1091	1084	65005.79	1084	61006.72	3999.07	0.07	
123	G	1083	1076	93343.62	1076	88131.7	5211.92	0.1	
124	C	1075	1067	160987.75	1067	152312.5	8675.25	0.16	
125	U	1066	1059	43103.11	1058	26691.3	16411.81	0.3	
126	G	1057	1052	81934.14	1051	47413.22	34520.91	0.63	
127	A	1050	1043	60261.87	1043	38506.57	21755.3	0.4	
128	G	1041	1036	22610.6	1036	25804.38	-3193.77	-0.06	
129	U	1033	1027	10855.39	1027	12217.54	-1362.15	-0.02	
130	C	1026	1017	19763.42	1017	25597.54	-5834.12	-0.11	
131	U	1016	1009	125525.36	1009	112512.18	13013.18	0.24	
132	A	1008	1000	159308.42	1002	12377.57	146930.85	2.69	
133	G	999	993	16067.19	992	6299.51	9767.67	0.18	
134	G	991	984	5269.35	982	12490.78	-7221.42	-0.13	
135	C	983	976	139134.9	976	183368.98	-44234.08	-0.81	
136	A	975	967	89764.24	969	46258.06	43506.19	0.8	
137	G	966	960	125962.97	959	43017.48	82945.5	1.52	
138	G	959	952	119681.37	953	104863.27	14818.11	0.27	
139	C	951	944	700205.44	944	770310.49	-70105.05	-1.28	
140	U	943	937	79189.53	937	67771.44	11418.09	0.21	
141	C	934	926	88311.75	926	78630.71	9681.04	0.18	
142	C	925	917	126326.43	917	129337.99	-3011.57	-0.06	
143	A	916	907	200465.21	907	76355.55	124109.65	2.27	
144	A	907	898	176822.19	899	43428.95	133393.24	2.44	
145	G	897	891	146318.1	892	44342.77	101975.33	1.87	
146	G	890	884	77918.81	884	17184.23	60734.58	1.11	
147	G	883	877	43688.62	877	30404.09	13284.53	0.24	
148	A	876	868	11205.63	868	12152.41	-946.78	-0.02	
149	G	867	860	12752.28	861	20990.61	-8238.33	-0.15	
150	C	860	852	241184.1	852	258439.77	-17255.67	-0.32	
151	G	851	845	28901.62	845	25595.3	3306.32	0.06	
152	C	843	834	27940.36	834	34205.32	-6264.96	-0.11	
153	C	834	826	154751.78	826	158648.03	-3896.25	-0.07	
154	G	825	819	12622.0	819	25001.15	-12379.15	-0.23	
155	G	818	813	40915.79	812	59833.6	-18917.81	-0.35	
156	A	812	804	193813.56	804	379420.97	-185607.42	-3.4	
157	C	803	795	215739.57	795	389362.91	-173623.34	-3.18	
158	A	794	787	54216.19	787	46522.73	7693.46	0.14	
159	A	786	778	81830.02	778	28434.46	53395.56	0.98	
160	A	777	769	43531.46	769	18967.3	24564.16	0.45	
161	G	768	762	30906.41	763	12668.45	18237.96	0.33	
162	G	761	755	27417.68	755	25965.22	1452.46	0.03	
163	C	754	746	99226.86	745	85520.71	13706.15	0.25	
164	C	745	736	63873.68	737	57286.68	6587.0	0.12	
165	C	735	728	387287.34	728	444403.95	-57116.61	-1.05	
166	G	727	722	68185.6	721	56914.63	11270.97	0.21	
167	G	720	714	82420.4	713	61998.33	20422.07	0.37	
168	U	713	706	99383.1	706	80212.39	19170.71	0.35	
169	C	705	698	186299.72	698	174660.19	11639.53	0.21	
170	U	697	690	49796.08	690	57185.12	-7389.04	-0.14	
171	C	689	681	346622.57	681	318542.71	28079.86	0.51	
172	G	680	674	107785.72	674	37046.8	70738.92	1.29	
173	A	672	666	103427.44	666	24857.95	78569.49	1.44	
174	C	665	657	26806.53	657	28997.23	-2190.7	-0.04	
175	C	656	649	16299.7	649	16942.03	-642.33	-0.01	
176	U	648	641	13217.07	641	13210.83	6.24	0.0	
177	G	639	634	36126.94	634	30229.2	5897.73	0.11	
178	A	634	626	36384.33	626	20114.72	16269.61	0.3	
179	G	624	619	39108.66	619	19700.34	19408.32	0.36	
180	C	617	610	76789.38	611	62098.33	14691.05	0.27	
181	U	610	602	18349.77	602	14949.03	3400.74	0.06	
182	C	602	595	37106.64	594	46041.89	-8935.25	-0.16	
183	U	594	589	13873.96	588	22793.45	-8919.49	-0.16	
184	G	586	582	44609.02	581	42490.5	2118.52	0.04	
185	A	581	575	32660.96	573	20976.97	11683.98	0.21	
186	A	573	566	48557.09	565	59382.56	-10825.46	-0.2	
187	C	565	557	52736.61	557	103066.59	-50329.97	-0.92	
188	U	557	550	89439.23	550	113760.31	-24321.08	-0.45	
189	U	549	543	312296.15	543	438712.33	-126416.18	-2.31	
190	A	542	535	93169.25	535	72572.69	20596.56	0.38	
191	C	534	526	69535.35	526	118385.69	-48850.34	-0.89	
192	C	525	517	69516.08	517	109344.75	-39828.67	-0.73	
193	U	516	509	284585.5	509	361542.82	-76957.32	-1.41	
194	A	509	501	93354.63	502	51944.99	41409.65	0.76	
195	G	499	494	43016.67	493	27209.53	15807.14	0.29	
196	A	491	484	43407.62	483	43322.33	85.29	0.0	
197	C	482	476	111064.23	476	107443.98	3620.25	0.07	
198	G	475	470	40887.08	470	17871.33	23015.75	0.42	
199	G	468	462	37038.91	461	28475.03	8563.87	0.16	
200	C	460	455	10455.93	454	21717.29	-11261.36	-0.21	
201	G	452	448	12832.76	448	10412.43	2420.33	0.04	
202	G	445	441	52071.15	441	30262.62	21808.53	0.4	
203	A	438	432	54392.13	432	36353.73	18038.4	0.33	
204	C	431	424	26765.27	423	42161.56	-15396.29	-0.28	
205	G	422	417	23710.95	416	62605.88	-38894.93	-0.71	
206	C	416	409	313938.83	409	614109.87	-300171.04	-5.49	
207	A	408	401	63027.51	401	75042.24	-12014.73	-0.22	
208	G	399	394	23021.25	393	52386.31	-29365.06	-0.54	
209	U	392	387	18415.55	386	65809.17	-47393.63	-0.87	
210	U	386	378	51602.44	378	99007.73	-47405.29	-0.87	
211	C	377	369	214846.12	370	420748.15	-205902.04	-3.77	
212	A	369	361	39791.22	362	28849.57	10941.65	0.2	
213	G	359	354	44726.06	353	0.0	44726.06	0.82	
214	G	353	348	129355.53	349	37131.03	92224.5	1.69	
215	A	348	340	80607.18	341	41726.17	38881.01	0.71	
216	G	339	334	49724.74	334	13743.41	35981.33	0.66	
217	G	333	329	28716.25	330	6910.0	21806.25	0.4	
218	C	326	321	155618.54	321	252706.27	-97087.73	-1.78	
219	A	320	313	25352.82	313	15936.45	9416.36	0.17	
220	C	313	304	43266.39	304	73884.94	-30618.55	-0.56	
221	C	304	296	114199.18	296	205328.15	-91128.97	-1.67	
222	A	295	287	38655.64	287	49369.94	-10714.3	-0.2	
223	C	287	278	168606.5	279	296890.09	-128283.58	-2.35	
224	A	278	270	84852.43	271	21302.61	63549.82	1.16	
225	G	268	264	36694.18	264	11647.03	25047.15	0.46	
226	G	262	256	34954.71	254	39015.83	-4061.12	-0.07	
227	C	254	247	24306.4	247	26251.05	-1944.65	-0.04	
228	G	246	238	0.0	243	711.14	-711.14	-0.01	
229	G	239	235	13290.13	235	15580.46	-2290.32	-0.04	
230	G	233	228	47310.13	228	34476.47	12833.65	0.23	
231	A	228	219	58649.75	220	52579.35	6070.4	0.11	
232	G	219	213	45854.78	214	44929.78	925.0	0.02	
233	G	212	207	129747.52	208	115183.48	14564.04	0.27	
234	C	206	199	397782.56	199	518976.52	-121193.95	-2.22	
235	G	198	193	118964.95	193	140054.02	-21089.07	-0.39	
236	G	192	187	235914.81	187	357770.6	-121855.79	-2.23	
237	C	187	180	358178.21	180	736217.37	-378039.15	-6.92	
238	A	178	175	138798.98	175	242152.06	-103353.09	-1.89	
239	G	171	166	104461.88	166	87987.47	16474.42	0.3	
240	A	165	159	71411.83	159	41188.58	30223.25	0.55	
241	A	158	150	53521.92	149	54283.55	-761.63	-0.01	
242	C	148	142	64892.84	142	145314.8	-80421.96	-1.47	
243	G	140	134	0.0	136	26492.92	-26492.92	-0.48	
244	C	133	129	130613.08	129	198323.44	-67710.35	-1.24	
245	G	127	124	47538.89	124	38725.41	8813.49	0.16	
246	A	122	116	53759.74	115	9946.07	43813.67	0.8	
247	C	115	108	16488.84	108	23725.18	-7236.34	-0.13	
248	U	108	101	27124.95	101	64285.02	-37160.07	-0.68	
249	C	101	94	94172.65	94	200369.99	-106197.34	-1.94	
250	A	93	86	27808.82	86	21236.59	6572.22	0.12	
251	A	85	77	49884.26	77	25156.95	24727.31	0.45	
252	C	77	69	40403.42	69	38767.52	1635.9	0.03	
253	C	67	60	302716.75	60	265062.97	37653.78	0.69	
254	G	59	49	125844.13	49	108192.4	17651.72	0.32	
255	G	48	40	297790.83	40	421766.46	-123975.62	-2.27	
256	C	39	35	90059.59	34	38595.79	51463.8	0.94	
257	G	32	25	41833.46	23	28527.9	13305.56	0.24	
258	U	24	18	93737.12	17	121801.64	-28064.52	-0.51	
259	G	18	12	139690.05	12	197770.45	-58080.4	-1.06	
260	G	13	6	53394.68	7	40445.33	12949.35	0.24	
