seqNum	seqRNA	posSeq	posRX	areaRX	posBG	areaBG	areaDiff	normDiff	
34	U	1808	1802	19871.66	1802	22376.58	-2504.93	-0.1	
35	G	1801	1794	24832.08	1794	27484.24	-2652.16	-0.1	
36	G	1794	1785	29043.89	1785	11486.46	17557.44	0.67	
37	A	1784	1776	29028.56	1776	13526.28	15502.28	0.59	
38	C	1776	1767	7667.65	1767	5616.25	2051.39	0.08	
39	U	1769	1758	7530.89	1757	1695.72	5835.18	0.22	
40	U	1758	1749	9108.3	1749	7649.19	1459.12	0.06	
41	U	1747	1740	8763.23	1740	4303.52	4459.71	0.17	
42	C	1742	1731	24655.85	1731	20596.26	4059.59	0.16	
43	G	1730	1723	16253.2	1723	8140.32	8112.87	0.31	
44	A	1722	1713	31663.02	1713	16938.75	14724.27	0.56	
45	U	1715	1705	30930.31	1704	34393.03	-3462.72	-0.13	
46	C	1703	1696	7063.61	1695	11099.02	-4035.41	-0.15	
47	U	1694	1687	12524.12	1686	15668.65	-3144.53	-0.12	
48	G	1685	1678	3908.38	1678	5420.49	-1512.12	-0.06	
49	U	1676	1669	29781.17	1669	46217.7	-16436.53	-0.63	
50	A	1668	1660	28173.07	1660	11933.45	16239.61	0.62	
51	G	1658	1651	17805.52	1650	4833.43	12972.09	0.5	
52	C	1649	1642	32649.65	1641	26864.92	5784.73	0.22	
53	G	1640	1634	16898.44	1634	7227.28	9671.15	0.37	
54	G	1632	1626	44798.15	1625	11766.6	33031.55	1.27	
55	C	1624	1617	37001.84	1616	33956.46	3045.37	0.12	
56	G	1615	1608	28184.66	1607	28067.36	117.3	0.0	
57	C	1606	1599	88687.38	1599	123707.88	-35020.49	-1.34	
58	A	1598	1591	59186.15	1591	20915.79	38270.37	1.47	
59	G	1589	1582	32632.79	1583	4636.58	27996.21	1.07	
60	A	1580	1573	45044.2	1573	17251.92	27792.28	1.07	
61	A	1574	1564	36441.67	1563	27888.78	8552.89	0.33	
62	C	1565	1555	157956.21	1555	237219.62	-79263.41	-3.04	
63	A	1554	1546	60052.55	1547	33928.31	26124.23	1.0	
64	G	1545	1538	30434.11	1539	20929.62	9504.49	0.36	
65	A	1537	1529	15430.0	1531	13243.14	2186.86	0.08	
66	A	1529	1520	6520.52	1521	2287.21	4233.31	0.16	
67	A	1520	1511	45881.87	1512	16256.17	29625.69	1.14	
68	A	1511	1502	47092.69	1501	6669.07	40423.63	1.55	
69	C	1502	1493	51499.42	1494	42062.43	9436.99	0.36	
70	G	1493	1485	39382.82	1486	19908.83	19473.99	0.75	
71	A	1486	1477	64351.41	1477	25594.84	38756.57	1.49	
72	A	1477	1468	64518.99	1468	63770.75	748.24	0.03	
73	A	1467	1459	300203.13	1459	509137.72	-208934.59	-8.01	
74	C	1458	1450	157977.32	1450	231559.06	-73581.74	-2.82	
75	A	1449	1441	93096.34	1441	48273.9	44822.45	1.72	
76	A	1440	1432	33031.54	1433	18866.42	14165.12	0.54	
77	A	1431	1423	56485.69	1424	14475.28	42010.41	1.61	
78	G	1422	1416	29917.1	1416	15004.34	14912.76	0.57	
79	A	1415	1406	19351.44	1406	7844.2	11507.24	0.44	
80	C	1407	1397	28336.89	1397	35490.28	-7153.38	-0.27	
81	G	1395	1388	45935.82	1388	84307.23	-38371.4	-1.47	
82	C	1387	1379	30010.85	1379	56941.66	-26930.81	-1.03	
83	A	1379	1370	19510.29	1370	7870.52	11639.77	0.45	
84	G	1369	1362	51756.57	1362	17083.84	34672.73	1.33	
85	A	1361	1353	48875.11	1354	16312.72	32562.4	1.25	
86	G	1352	1345	6392.32	1345	4703.15	1689.17	0.06	
87	U	1346	1337	5286.99	1335	743.22	4543.77	0.17	
88	U	1336	1329	23912.85	1329	16409.48	7503.36	0.29	
89	G	1328	1321	49695.9	1322	21253.7	28442.2	1.09	
90	A	1321	1313	14243.86	1313	6307.14	7936.73	0.3	
91	G	1312	1305	49944.59	1305	57392.26	-7447.67	-0.29	
92	C	1304	1296	153542.31	1296	180530.79	-26988.48	-1.03	
93	A	1295	1287	69964.4	1288	41937.14	28027.26	1.07	
94	A	1287	1278	34029.56	1278	19039.73	14989.83	0.57	
95	G	1277	1269	36922.42	1269	32868.6	4053.82	0.16	
96	C	1268	1260	58608.51	1260	98377.8	-39769.29	-1.52	
97	A	1259	1250	5132.11	1252	3295.25	1836.86	0.07	
98	G	1249	1243	29155.18	1244	13156.6	15998.58	0.61	
99	G	1242	1236	9199.32	1236	6036.77	3162.56	0.12	
100	G	1234	1228	19748.56	1228	14463.03	5285.54	0.2	
101	U	1228	1219	9087.88	1219	11684.35	-2596.47	-0.1	
102	C	1218	1210	72111.04	1210	95307.57	-23196.53	-0.89	
103	A	1209	1201	24627.35	1201	18472.18	6155.17	0.24	
104	G	1199	1194	19320.24	1194	17185.54	2134.7	0.08	
105	G	1192	1186	90156.15	1186	167597.34	-77441.19	-2.97	
106	C	1185	1178	22545.73	1177	25415.75	-2870.02	-0.11	
107	A	1176	1169	23940.23	1168	9636.08	14304.15	0.55	
108	A	1167	1160	42689.71	1160	15623.5	27066.21	1.04	
109	A	1159	1151	21318.93	1151	6193.09	15125.85	0.58	
110	G	1149	1143	16683.01	1142	7599.28	9083.74	0.35	
111	C	1142	1133	27644.32	1133	24159.98	3484.34	0.13	
112	G	1132	1126	25921.36	1125	12778.71	13142.65	0.5	
113	U	1123	1117	28328.58	1118	16761.5	11567.08	0.44	
114	G	1116	1110	23813.7	1110	6007.18	17806.52	0.68	
115	G	1108	1103	22920.83	1103	8886.08	14034.76	0.54	
116	A	1102	1094	9479.25	1094	8605.7	873.55	0.03	
117	G	1092	1087	19129.25	1087	11337.02	7792.23	0.3	
118	A	1086	1079	23635.29	1078	5448.26	18187.02	0.7	
119	G	1076	1070	16871.97	1070	1969.57	14902.4	0.57	
120	C	1067	1060	10066.59	1060	11944.56	-1877.98	-0.07	
121	C	1058	1051	49145.59	1051	44295.48	4850.11	0.19	
122	G	1050	1044	16959.85	1044	16590.72	369.13	0.01	
123	G	1042	1037	29500.19	1036	22566.04	6934.14	0.27	
124	C	1035	1028	37728.86	1028	28589.53	9139.33	0.35	
125	U	1027	1020	13641.97	1020	4210.16	9431.81	0.36	
126	G	1018	1013	26832.85	1013	12271.32	14561.53	0.56	
127	A	1012	1005	23763.27	1004	8132.04	15631.23	0.6	
128	G	1003	998	11947.37	997	6531.89	5415.48	0.21	
129	U	996	989	4975.64	989	5087.88	-112.25	-0	
130	C	988	980	6313.37	980	3191.49	3121.88	0.12	
131	U	980	971	54823.4	972	34920.44	19902.95	0.76	
132	A	971	963	65752.23	964	4635.11	61117.12	2.34	
133	G	961	956	9466.87	956	6419.8	3047.06	0.12	
134	G	954	947	1327.78	945	1979.83	-652.06	-0.02	
135	C	947	939	43486.5	939	36488.54	6997.96	0.27	
136	A	938	932	21841.09	932	4380.46	17460.64	0.67	
137	G	929	925	41720.9	924	3675.07	38045.83	1.46	
138	G	923	917	28845.46	917	15345.83	13499.63	0.52	
139	C	917	909	133621.94	909	131481.77	2140.17	0.08	
140	U	908	901	13695.9	901	17225.84	-3529.94	-0.14	
141	C	901	892	24306.31	892	33204.1	-8897.79	-0.34	
142	C	892	883	27313.71	883	36510.89	-9197.19	-0.35	
143	A	882	874	81016.05	873	21595.21	59420.83	2.28	
144	A	872	865	65318.93	865	13793.15	51525.79	1.97	
145	G	863	859	54145.61	858	14056.58	40089.03	1.54	
146	G	857	852	23477.85	851	7248.09	16229.76	0.62	
147	G	850	845	19013.21	845	12754.97	6258.24	0.24	
148	A	844	836	4606.37	836	5550.33	-943.96	-0.04	
149	G	835	829	4449.48	829	5302.09	-852.61	-0.03	
150	C	828	821	39045.53	821	33059.48	5986.05	0.23	
151	G	819	813	4147.28	814	4976.59	-829.3	-0.03	
152	C	811	803	10161.67	803	9284.53	877.14	0.03	
153	C	802	796	31746.96	796	23374.25	8372.71	0.32	
154	G	794	788	5975.92	790	4248.84	1727.09	0.07	
155	G	788	782	18847.82	782	16044.05	2803.77	0.11	
156	A	781	774	66098.59	774	106242.05	-40143.45	-1.54	
157	C	773	766	44324.76	766	52883.95	-8559.19	-0.33	
158	A	765	757	24843.66	758	11381.18	13462.48	0.52	
159	A	757	749	38055.0	749	11033.07	27021.93	1.04	
160	A	748	741	21510.0	741	5126.93	16383.07	0.63	
161	G	739	734	17605.68	735	6055.21	11550.47	0.44	
162	G	732	727	9559.19	727	6899.15	2660.04	0.1	
163	C	725	718	32565.08	718	27386.27	5178.82	0.2	
164	C	717	709	18439.74	709	12682.35	5757.39	0.22	
165	C	707	701	74734.0	701	75886.88	-1152.88	-0.04	
166	G	699	695	18932.47	693	15474.57	3457.9	0.13	
167	G	693	688	23444.21	687	11570.73	11873.48	0.46	
168	U	686	680	24532.84	680	18791.97	5740.87	0.22	
169	C	679	672	32211.13	672	33657.73	-1446.6	-0.06	
170	U	671	664	9383.13	664	11398.74	-2015.61	-0.08	
171	C	663	656	64322.05	656	55300.67	9021.38	0.35	
172	G	655	649	32447.42	649	11901.05	20546.37	0.79	
173	A	648	641	33256.98	641	8313.16	24943.81	0.96	
174	C	641	633	6006.76	632	9582.35	-3575.58	-0.14	
175	C	632	624	5039.21	624	3442.49	1596.72	0.06	
176	U	623	617	6029.52	617	3142.88	2886.64	0.11	
177	G	615	610	20567.42	610	10815.29	9752.12	0.37	
178	A	609	602	18684.65	602	5517.36	13167.28	0.5	
179	G	600	596	18466.13	596	6590.2	11875.93	0.46	
180	C	593	588	20817.58	588	18279.32	2538.25	0.1	
181	U	587	580	5608.55	580	5623.92	-15.38	-0	
182	C	579	572	7049.3	572	5491.18	1558.12	0.06	
183	U	571	565	6217.3	567	0.0	6217.3	0.24	
184	G	563	559	18734.59	559	11716.29	7018.29	0.27	
185	A	558	551	30178.25	551	8048.97	22129.27	0.85	
186	A	551	543	38067.86	543	17135.7	20932.16	0.8	
187	C	542	536	29506.11	536	20167.61	9338.5	0.36	
188	U	535	529	52322.6	529	40954.7	11367.9	0.44	
189	U	527	522	115611.98	522	149602.34	-33990.37	-1.3	
190	A	521	514	43024.08	514	31119.75	11904.33	0.46	
191	C	513	506	25924.37	506	32907.29	-6982.91	-0.27	
192	C	504	498	25533.44	497	33193.78	-7660.34	-0.29	
193	U	496	490	80051.11	490	127542.31	-47491.2	-1.82	
194	A	489	482	36711.75	483	20411.55	16300.19	0.62	
195	G	480	475	11762.8	474	8164.04	3598.76	0.14	
196	A	474	465	16812.62	464	16235.82	576.8	0.02	
197	C	463	458	22075.91	457	20108.22	1967.7	0.08	
198	G	456	451	11725.43	450	3918.1	7807.33	0.3	
199	G	449	444	11748.16	442	7379.02	4369.14	0.17	
200	C	442	436	1757.68	434	1273.25	484.42	0.02	
201	G	434	429	6245.92	430	1204.52	5041.39	0.19	
202	G	428	423	22153.27	423	6540.29	15612.98	0.6	
203	A	421	415	24489.03	415	10466.83	14022.2	0.54	
204	C	414	407	8064.87	407	5590.84	2474.03	0.09	
205	G	405	400	9418.49	400	12736.22	-3317.73	-0.13	
206	C	399	393	91877.71	393	134444.23	-42566.52	-1.63	
207	A	392	385	31774.91	386	20076.61	11698.29	0.45	
208	G	384	378	7054.15	378	5247.06	1807.09	0.07	
209	U	378	371	8005.03	371	10761.25	-2756.22	-0.11	
210	U	370	362	23162.95	362	26262.59	-3099.63	-0.12	
211	C	362	354	74078.96	354	109139.65	-35060.68	-1.34	
212	A	353	347	25784.91	347	7141.59	18643.32	0.71	
213	G	344	340	25415.32	338	3221.38	22193.94	0.85	
214	G	339	333	60379.73	333	18167.24	42212.49	1.62	
215	A	331	326	40961.87	326	20738.21	20223.65	0.78	
216	G	324	320	22137.51	320	9297.81	12839.7	0.49	
217	G	319	315	15498.43	315	6661.53	8836.91	0.34	
218	C	314	308	56225.42	308	65304.07	-9078.65	-0.35	
219	A	307	300	8745.28	301	5183.73	3561.56	0.14	
220	C	300	291	16042.69	291	26567.53	-10524.84	-0.4	
221	C	291	283	42786.01	283	63503.28	-20717.27	-0.79	
222	A	282	274	20033.85	274	20850.64	-816.79	-0.03	
223	C	273	266	62772.65	266	84829.52	-22056.88	-0.85	
224	A	265	258	37660.52	258	6606.62	31053.89	1.19	
225	G	256	251	14158.37	250	5115.68	9042.69	0.35	
226	G	249	244	13811.3	242	14575.79	-764.5	-0.03	
227	C	240	236	7839.77	235	7993.58	-153.81	-0.01	
228	G	234	231	45.42	229	1083.81	-1038.39	-0.04	
229	G	228	224	14124.5	225	4756.09	9368.41	0.36	
230	G	222	218	38035.07	218	15813.95	22221.12	0.85	
231	A	214	210	23428.47	208	875.07	22553.4	0.86	
232	G	207	204	15377.0	207	0.0	15377.0	0.59	
233	G	202	198	84189.99	197	44368.72	39821.27	1.53	
234	C	195	189	143318.9	189	131837.66	11481.24	0.44	
235	G	188	183	51786.39	183	54814.06	-3027.68	-0.12	
236	G	182	178	130689.35	177	125500.36	5188.99	0.2	
237	C	177	171	185284.95	170	336729.83	-151444.88	-5.8	
238	A	169	164	40775.05	163	30380.03	10395.01	0.4	
239	G	161	157	29559.69	156	19327.48	10232.2	0.39	
240	A	155	150	29478.3	151	13893.58	15584.72	0.6	
241	A	149	142	26155.52	141	15723.52	10432.0	0.4	
242	C	139	134	11873.07	134	24716.82	-12843.75	-0.49	
243	G	132	129	0.0	127	4476.82	-4476.82	-0.17	
244	C	125	121	43775.54	121	44185.9	-410.36	-0.02	
245	G	119	110	28253.47	110	3245.05	25008.42	0.96	
246	A	109	101	6813.03	102	10028.84	-3215.81	-0.12	
247	C	100	95	18771.52	95	34661.93	-15890.41	-0.61	
248	U	94	88	23857.61	88	40860.38	-17002.77	-0.65	
249	C	87	81	13128.63	80	6641.83	6486.8	0.25	
250	A	79	72	20269.28	71	9572.65	10696.63	0.41	
251	A	69	61	12218.11	63	16718.9	-4500.79	-0.17	
252	C	60	55	80186.14	55	74061.07	6125.07	0.23	
253	C	53	44	54284.76	44	43195.57	11089.18	0.42	
254	G	43	35	130678.18	35	128736.0	1942.19	0.07	
255	G	34	23	30201.66	23	26865.22	3336.44	0.13	
256	C	22	16	60835.84	14	78734.07	-17898.23	-0.69	
257	G	15	10	89940.68	9	93702.27	-3761.58	-0.14	
258	U	8	4	23844.13	5	20141.99	3702.15	0.14	
