seqNum	seqRNA	posSeq	posRX	areaRX	posBG	areaBG	areaDiff	normDiff	
31	G	1867	1862	10384.53	1862	26910.23	-16525.7	-0.39	
32	G	1862	1855	40303.98	1855	59124.19	-18820.21	-0.44	
33	G	1855	1845	12851.9	1846	22893.92	-10042.02	-0.24	
34	U	1845	1835	24569.41	1837	21768.04	2801.37	0.07	
35	G	1835	1827	13928.77	1829	18025.95	-4097.18	-0.1	
36	G	1828	1817	6819.59	1818	11664.41	-4844.82	-0.11	
37	A	1815	1808	4496.87	1809	8513.52	-4016.66	-0.09	
38	C	1809	1799	9562.88	1799	4834.75	4728.14	0.11	
39	U	1797	1789	49891.5	1789	38720.77	11170.73	0.26	
40	U	1788	1781	17262.2	1781	7883.5	9378.7	0.22	
41	U	1777	1771	33197.63	1772	22618.26	10579.37	0.25	
42	C	1772	1762	40525.9	1764	32831.43	7694.47	0.18	
43	G	1764	1753	12848.49	1754	12220.3	628.19	0.01	
44	A	1752	1744	15396.04	1746	20136.24	-4740.21	-0.11	
45	U	1745	1732	4141.78	1739	13969.17	-9827.4	-0.23	
46	C	1737	1726	90908.07	1730	68002.55	22905.52	0.54	
47	U	1729	1716	24711.76	1721	15859.49	8852.27	0.21	
48	G	1720	1708	14200.83	1708	9089.93	5110.9	0.12	
49	U	1711	1702	1980.31	1703	42560.39	-40580.08	-0.95	
50	A	1702	1697	49606.43	1695	4625.66	44980.77	1.06	
51	G	1695	1688	24763.56	1687	19707.01	5056.55	0.12	
52	C	1688	1681	66425.27	1679	79046.23	-12620.96	-0.3	
53	G	1679	1671	100479.83	1670	29324.62	71155.21	1.67	
54	G	1669	1662	54221.66	1663	149945.7	-95724.04	-2.25	
55	C	1662	1653	232349.65	1655	22156.65	210193.0	4.93	
56	G	1653	1644	46811.59	1644	15605.13	31206.46	0.73	
57	C	1644	1636	53683.33	1635	19834.18	33849.15	0.79	
58	A	1635	1627	38325.81	1623	25198.74	13127.07	0.31	
59	G	1627	1615	44570.91	1616	79325.66	-34754.75	-0.82	
60	A	1618	1608	439377.51	1611	287067.48	152310.02	3.57	
61	A	1610	1602	79495.29	1606	104142.4	-24647.11	-0.58	
62	C	1604	1598	47245.85	1599	30980.32	16265.53	0.38	
63	A	1599	1592	33108.37	1591	37983.32	-4874.95	-0.11	
64	G	1593	1588	26463.74	1586	35552.66	-9088.93	-0.21	
65	A	1588	1582	23216.71	1581	21080.4	2136.3	0.05	
66	A	1581	1572	22090.85	1574	28795.77	-6704.92	-0.16	
67	A	1572	1563	37544.43	1564	31099.26	6445.18	0.15	
68	A	1562	1554	15136.47	1550	6554.5	8581.97	0.2	
69	C	1554	1543	59808.21	1544	67832.34	-8024.13	-0.19	
70	G	1544	1536	62476.59	1537	25866.28	36610.31	0.86	
71	A	1535	1526	84279.03	1527	32314.46	51964.57	1.22	
72	A	1526	1514	104388.29	1515	76170.26	28218.03	0.66	
73	A	1517	1508	498743.06	1509	355536.08	143206.98	3.36	
74	C	1508	1499	717682.96	1499	496171.22	221511.74	5.2	
75	A	1499	1493	124041.58	1490	124404.85	-363.27	-0.01	
76	A	1490	1482	48066.75	1479	113957.46	-65890.71	-1.55	
77	A	1480	1471	37896.68	1473	58539.87	-20643.19	-0.48	
78	G	1471	1463	33511.76	1465	33286.85	224.9	0.01	
79	A	1465	1453	18167.24	1453	5721.6	12445.63	0.29	
80	C	1457	1444	63283.12	1444	47444.73	15838.39	0.37	
81	G	1444	1435	149993.02	1435	100832.54	49160.48	1.15	
82	C	1433	1426	286139.13	1426	175862.32	110276.8	2.59	
83	A	1426	1417	65107.87	1415	49772.8	15335.07	0.36	
84	G	1416	1409	60397.3	1408	63066.45	-2669.15	-0.06	
85	A	1409	1399	57707.46	1400	40369.27	17338.19	0.41	
86	G	1398	1390	3556.49	1392	6493.98	-2937.49	-0.07	
87	U	1391	1382	9144.14	1382	3358.69	5785.45	0.14	
88	U	1385	1374	51714.73	1374	33496.01	18218.72	0.43	
89	G	1373	1366	98922.46	1366	46680.11	52242.34	1.23	
90	A	1367	1352	72901.27	1353	41934.98	30966.29	0.73	
91	G	1356	1346	97617.17	1346	83888.16	13729.01	0.32	
92	C	1349	1340	522046.15	1340	372051.09	149995.06	3.52	
93	A	1339	1331	102032.65	1331	75902.22	26130.44	0.61	
94	A	1330	1321	46854.14	1320	77059.86	-30205.72	-0.71	
95	G	1319	1312	61099.72	1312	54512.65	6587.06	0.15	
96	C	1310	1303	209603.33	1303	140624.85	68978.48	1.62	
97	A	1302	1297	6644.95	1290	2266.45	4378.49	0.1	
98	G	1292	1286	27772.33	1285	32654.45	-4882.11	-0.11	
99	G	1284	1278	14062.95	1279	11742.25	2320.69	0.05	
100	G	1276	1270	19770.83	1270	17818.94	1951.89	0.05	
101	U	1269	1260	11691.61	1260	11528.8	162.8	0.0	
102	C	1259	1252	150266.4	1252	108647.97	41618.43	0.98	
103	A	1251	1242	38404.98	1243	31995.76	6409.23	0.15	
104	G	1241	1234	23977.16	1233	33136.18	-9159.02	-0.21	
105	G	1234	1227	183274.9	1227	140614.97	42659.92	1.0	
106	C	1226	1218	104359.25	1219	67122.07	37237.18	0.87	
107	A	1217	1209	22290.67	1209	31966.51	-9675.83	-0.23	
108	A	1209	1200	38262.76	1200	40550.78	-2288.02	-0.05	
109	A	1199	1190	17753.87	1190	13569.95	4183.92	0.1	
110	G	1189	1182	13940.18	1182	7095.74	6844.44	0.16	
111	C	1178	1172	51538.64	1173	34279.28	17259.35	0.41	
112	G	1171	1164	23623.55	1165	15905.63	7717.92	0.18	
113	U	1163	1156	35242.92	1156	25509.08	9733.83	0.23	
114	G	1154	1149	13741.31	1149	5271.91	8469.4	0.2	
115	G	1147	1141	15643.6	1141	11847.89	3795.71	0.09	
116	A	1139	1132	14595.15	1132	10461.16	4133.99	0.1	
117	G	1131	1124	17459.98	1124	20614.28	-3154.3	-0.07	
118	A	1124	1115	21493.79	1115	13696.94	7796.85	0.18	
119	G	1114	1108	22246.34	1107	7898.13	14348.21	0.34	
120	C	1107	1096	22062.01	1093	29188.8	-7126.79	-0.17	
121	C	1096	1088	175820.27	1088	152488.24	23332.03	0.55	
122	G	1087	1081	44181.42	1081	34786.25	9395.17	0.22	
123	G	1079	1073	67168.86	1073	69992.78	-2823.92	-0.07	
124	C	1072	1064	115801.77	1064	122171.36	-6369.59	-0.15	
125	U	1063	1056	17458.68	1056	23619.03	-6160.35	-0.14	
126	G	1054	1049	24132.1	1048	33634.7	-9502.6	-0.22	
127	A	1046	1039	20996.03	1040	23034.93	-2038.9	-0.05	
128	G	1038	1032	14843.79	1033	17510.93	-2667.14	-0.06	
129	U	1031	1024	5824.52	1023	10549.07	-4724.55	-0.11	
130	C	1024	1015	11934.81	1014	13062.22	-1127.42	-0.03	
131	U	1012	1006	96858.22	1006	79496.96	17361.26	0.41	
132	A	1005	997	69226.34	998	17389.96	51836.37	1.22	
133	G	996	991	13210.27	990	10999.51	2210.76	0.05	
134	G	988	980	3073.46	980	1740.13	1333.34	0.03	
135	C	981	972	103978.86	973	78874.68	25104.19	0.59	
136	A	972	962	53635.94	965	16707.03	36928.9	0.87	
137	G	962	956	36914.49	953	27192.08	9722.41	0.23	
138	G	956	949	61939.82	947	57977.16	3962.66	0.09	
139	C	947	941	469129.98	941	475285.86	-6155.88	-0.14	
140	U	940	936	69864.73	933	43793.55	26071.18	0.61	
141	C	932	923	57816.73	923	81179.35	-23362.63	-0.55	
142	C	923	914	85816.98	914	76787.6	9029.38	0.21	
143	A	913	904	85110.16	905	52593.18	32516.98	0.76	
144	A	904	895	58792.13	896	33981.69	24810.45	0.58	
145	G	893	888	56128.79	888	42436.16	13692.63	0.32	
146	G	887	881	17597.68	881	21080.94	-3483.26	-0.08	
147	G	879	874	19374.83	874	25344.69	-5969.85	-0.14	
148	A	872	865	9210.22	864	6225.0	2985.21	0.07	
149	G	863	857	7045.02	856	9654.86	-2609.84	-0.06	
150	C	855	849	173555.85	849	166536.47	7019.38	0.16	
151	G	848	842	25410.01	841	7700.9	17709.11	0.42	
152	C	841	831	29962.37	832	30437.6	-475.23	-0.01	
153	C	830	823	113728.92	823	102465.85	11263.07	0.26	
154	G	822	816	24532.54	815	10345.48	14187.06	0.33	
155	G	816	809	49868.47	809	37300.14	12568.33	0.29	
156	A	808	801	217915.57	801	147809.85	70105.72	1.65	
157	C	800	792	235455.09	793	173390.61	62064.48	1.46	
158	A	792	784	51900.48	784	44801.93	7098.55	0.17	
159	A	783	775	37385.43	776	42632.57	-5247.14	-0.12	
160	A	775	766	29750.2	767	21214.08	8536.12	0.2	
161	G	765	759	16419.22	759	7343.26	9075.96	0.21	
162	G	758	752	14445.28	752	14818.49	-373.2	-0.01	
163	C	750	743	78896.8	743	55706.2	23190.6	0.54	
164	C	743	733	52270.13	734	41887.0	10383.13	0.24	
165	C	733	725	307842.66	725	292126.28	15716.38	0.37	
166	G	724	718	59195.85	718	31660.34	27535.51	0.65	
167	G	717	711	69485.08	711	54380.18	15104.9	0.35	
168	U	710	703	71288.84	704	41727.61	29561.23	0.69	
169	C	703	695	139220.22	696	73698.19	65522.03	1.54	
170	U	695	687	45319.61	686	9740.57	35579.04	0.83	
171	C	686	679	198506.73	679	166211.14	32295.59	0.76	
172	G	678	672	71093.51	672	17738.26	53355.25	1.25	
173	A	671	664	37863.52	664	22112.26	15751.25	0.37	
174	C	662	655	22080.27	655	17454.8	4625.47	0.11	
175	C	654	647	16526.31	647	10957.14	5569.17	0.13	
176	U	645	639	14283.65	638	13145.76	1137.89	0.03	
177	G	637	632	27774.22	632	27798.65	-24.43	-0	
178	A	631	623	23120.18	624	13806.77	9313.41	0.22	
179	G	622	616	21112.4	617	11801.02	9311.38	0.22	
180	C	615	608	53786.97	608	44555.04	9231.93	0.22	
181	U	608	601	12029.02	601	11647.03	381.98	0.01	
182	C	599	592	26669.33	592	23107.65	3561.69	0.08	
183	U	591	586	15878.0	588	120.63	15757.38	0.37	
184	G	584	579	44191.31	579	34629.61	9561.69	0.22	
185	A	579	572	24561.98	572	20538.83	4023.15	0.09	
186	A	571	564	33543.96	564	19119.95	14424.01	0.34	
187	C	563	556	61590.91	555	26061.0	35529.91	0.83	
188	U	555	548	78640.07	548	60725.13	17914.93	0.42	
189	U	547	541	370852.11	541	281963.47	88888.64	2.09	
190	A	540	533	82118.7	533	60083.58	22035.12	0.52	
191	C	532	524	123388.25	525	87278.76	36109.49	0.85	
192	C	523	514	114223.51	516	81122.38	33101.12	0.78	
193	U	515	507	517815.37	508	417044.44	100770.93	2.36	
194	A	507	499	104095.29	500	62768.85	41326.44	0.97	
195	G	498	492	59859.55	493	73929.92	-14070.37	-0.33	
196	A	490	483	35549.54	484	18064.6	17484.94	0.41	
197	C	481	474	72058.37	474	60124.33	11934.05	0.28	
198	G	473	468	23777.21	467	15411.8	8365.41	0.2	
199	G	466	460	19245.27	460	19696.55	-451.28	-0.01	
200	C	458	453	7455.19	452	8398.63	-943.44	-0.02	
201	G	450	446	8936.06	448	49.01	8887.05	0.21	
202	G	444	439	25514.03	439	17084.18	8429.85	0.2	
203	A	437	431	34636.5	431	18231.74	16404.76	0.38	
204	C	430	422	46376.75	421	24585.93	21790.82	0.51	
205	G	420	413	47657.19	413	32327.85	15329.34	0.36	
206	C	413	407	386882.6	407	273596.6	113286.0	2.66	
207	A	406	399	49233.48	399	42791.06	6442.42	0.15	
208	G	397	392	36965.46	394	41754.92	-4789.47	-0.11	
209	U	390	384	35126.41	386	18192.81	16933.6	0.4	
210	U	384	376	47264.81	376	19979.3	27285.51	0.64	
211	C	375	368	178779.07	368	127731.48	51047.59	1.2	
212	A	367	361	23509.92	361	14900.27	8609.65	0.2	
213	G	357	354	11157.84	355	11444.67	-286.83	-0.01	
214	G	352	347	82444.66	347	26191.63	56253.04	1.32	
215	A	346	339	26144.67	338	19730.8	6413.87	0.15	
216	G	337	333	18794.69	332	10225.36	8569.33	0.2	
217	G	331	329	0.0	326	5388.06	-5388.06	-0.13	
218	C	324	319	115049.75	319	92439.4	22610.34	0.53	
219	A	318	311	12648.1	310	5896.75	6751.34	0.16	
220	C	310	302	39483.89	302	30400.09	9083.8	0.21	
221	C	302	294	123750.85	294	87751.2	35999.65	0.84	
222	A	293	285	32038.73	284	23467.41	8571.32	0.2	
223	C	286	277	146337.8	276	99285.44	47052.36	1.1	
224	A	276	268	65944.55	268	23516.18	42428.36	1.0	
225	G	266	261	17429.67	262	18374.03	-944.35	-0.02	
226	G	260	254	18640.19	254	12266.87	6373.32	0.15	
227	C	249	245	13209.2	245	9493.55	3715.66	0.09	
228	G	243	236	0.0	237	78.47	-78.47	-0	
229	G	237	232	9675.86	234	7062.45	2613.41	0.06	
230	G	232	226	25098.24	227	20001.45	5096.78	0.12	
231	A	224	218	30007.38	218	24694.72	5312.66	0.12	
232	G	217	211	32267.08	210	15950.89	16316.19	0.38	
233	G	211	206	61251.28	205	45976.91	15274.37	0.36	
234	C	205	198	272081.97	198	219614.2	52467.77	1.23	
235	G	196	191	110744.37	193	73710.73	37033.65	0.87	
236	G	190	185	147102.99	186	139461.54	7641.45	0.18	
237	C	185	178	413768.13	178	492063.13	-78295.0	-1.84	
238	A	177	171	74475.27	169	68507.17	5968.1	0.14	
239	G	168	164	62545.37	164	41757.03	20788.34	0.49	
240	A	163	157	37319.86	158	32733.04	4586.82	0.11	
241	A	156	149	35898.13	148	24533.72	11364.41	0.27	
242	C	147	141	84616.97	141	56053.68	28563.3	0.67	
243	G	139	134	3969.47	135	2211.47	1757.99	0.04	
244	C	132	127	104825.26	127	98886.36	5938.9	0.14	
245	G	126	121	12758.91	120	2755.75	10003.17	0.23	
246	A	121	114	17836.76	115	10261.65	7575.11	0.18	
247	C	114	107	15386.77	107	17018.25	-1631.47	-0.04	
248	U	106	100	43988.86	100	41031.31	2957.54	0.07	
249	C	100	93	125218.04	93	98553.08	26664.96	0.63	
250	A	92	86	35484.2	85	28043.89	7440.3	0.17	
251	A	84	77	20574.21	77	14173.55	6400.67	0.15	
252	C	76	69	18078.94	68	12594.58	5484.36	0.13	
253	C	65	59	125107.34	59	133249.97	-8142.63	-0.19	
254	G	58	53	29990.17	53	39722.36	-9732.19	-0.23	
255	G	53	48	48351.9	47	51862.94	-3511.04	-0.08	
256	C	46	38	230131.04	38	268960.12	-38829.09	-0.91	
257	G	37	31	16644.68	30	24155.12	-7510.43	-0.18	
258	U	30	21	25076.84	21	15706.29	9370.55	0.22	
259	G	22	15	61996.08	15	51103.74	10892.35	0.26	
260	G	16	10	124720.04	10	102959.38	21760.66	0.51	
261	G	9	2	5983.81	3	11586.4	-5602.59	-0.13	
